ratio=3.9047619047619047 Rectangles:[(0,15) , (16,27)][(16,26) , (32,28)][(4,28) , (8,29)][(28,18) , (29,24)][(20,5) , (24,8)]
ratio=3.739130434782609 Rectangles:[(0,13) , (16,15)][(28,21) , (29,29)][(16,15) , (32,19)][(16,21) , (24,24)][(16,4) , (18,6)]
ratio=3.8095238095238093 Rectangles:[(24,2) , (32,7)][(0,11) , (16,24)][(12,21) , (16,27)][(16,21) , (32,28)]
ratio=4.0 Rectangles:[(0,6) , (16,10)][(17,13) , (18,26)][(16,4) , (32,15)][(24,17) , (28,28)]
ratio=4.0 Rectangles:[(0,27) , (16,29)][(16,22) , (24,28)]
ratio=4.266666666666667 Rectangles:[(0,7) , (16,29)][(25,11) , (26,23)][(16,9) , (32,25)]
ratio=5.333333333333333 Rectangles:[(16,1) , (32,19)][(0,10) , (16,21)]
ratio=4.111111111111111 Rectangles:[(0,8) , (16,27)][(12,27) , (14,29)][(16,28) , (20,29)][(12,27) , (14,29)][(20,20) , (21,22)][(20,25) , (24,26)][(16,17) , (32,29)]
ratio=4.571428571428571 Rectangles:[(24,7) , (32,16)][(16,8) , (24,29)][(16,16) , (24,22)]
ratio=4.25 Rectangles:[(23,23) , (24,27)][(8,6) , (16,21)][(16,3) , (24,20)]
ratio=4.0 Rectangles:[(24,5) , (32,23)][(16,6) , (24,12)]
ratio=4.923076923076923 Rectangles:[(16,9) , (32,27)][(0,15) , (16,28)][(18,5) , (20,28)]
ratio=4.0 Rectangles:[(0,11) , (16,25)][(16,13) , (24,25)]
ratio=4.571428571428571 Rectangles:[(16,19) , (32,26)][(0,12) , (16,29)]
ratio=4.333333333333333 Rectangles:[(20,27) , (22,28)][(0,4) , (16,13)][(16,11) , (24,19)]
ratio=4.266666666666667 Rectangles:[(16,26) , (24,29)][(0,7) , (16,27)][(16,23) , (24,25)]
ratio=4.0 Rectangles:[(2,13) , (3,15)][(21,5) , (22,18)][(16,8) , (32,13)][(0,2) , (16,29)]
ratio=4.8 Rectangles:[(16,16) , (18,22)][(0,1) , (16,25)][(16,22) , (24,27)]
ratio=4.0625 Rectangles:[(25,4) , (26,9)][(16,1) , (32,22)][(17,22) , (18,28)][(24,14) , (28,17)][(0,12) , (16,16)][(24,16) , (28,19)][(0,27) , (32,28)]
ratio=4.3076923076923075 Rectangles:[(18,15) , (19,19)][(19,18) , (20,24)][(16,7) , (24,29)][(24,24) , (28,28)][(0,19) , (16,28)]
ratio=4.0 Rectangles:[(16,10) , (32,15)][(0,11) , (16,24)][(16,20) , (32,25)][(6,3) , (8,26)]
ratio=4.0 Rectangles:[(0,2) , (16,27)][(16,2) , (24,14)]
ratio=4.363636363636363 Rectangles:[(16,26) , (24,28)][(0,9) , (16,27)]
ratio=4.0 Rectangles:[(16,0) , (20,21)][(0,6) , (16,8)]
ratio=4.16 Rectangles:[(0,26) , (16,28)][(16,3) , (32,10)][(20,20) , (24,26)][(0,8) , (16,25)]
ratio=4.8 Rectangles:[(16,22) , (24,28)][(0,28) , (16,29)]
ratio=4.363636363636363 Rectangles:[(0,16) , (16,20)][(16,16) , (24,25)]
ratio=4.0 Rectangles:[(0,16) , (8,26)][(8,3) , (16,29)]
ratio=4.0 Rectangles:[(16,28) , (24,29)][(0,1) , (16,22)][(26,22) , (28,27)][(16,8) , (32,10)][(21,6) , (22,22)]
ratio=4.0 Rectangles:[(0,19) , (16,27)][(16,16) , (32,25)]
ratio=5.333333333333333 Rectangles:[(20,22) , (24,28)][(16,17) , (32,28)][(0,22) , (16,24)]
ratio=4.266666666666667 Rectangles:[(16,21) , (32,24)][(0,14) , (16,21)][(16,21) , (18,25)]
ratio=4.0 Rectangles:[(20,2) , (24,14)][(24,0) , (28,29)]
ratio=4.117647058823529 Rectangles:[(28,20) , (29,22)][(24,24) , (26,29)][(16,3) , (32,17)][(0,15) , (16,18)][(16,12) , (24,26)]
ratio=4.266666666666667 Rectangles:[(13,17) , (14,28)][(16,23) , (32,25)][(0,7) , (16,25)][(27,16) , (28,28)]
ratio=4.0 Rectangles:[(0,2) , (16,11)][(18,2) , (20,4)][(0,21) , (16,28)][(28,12) , (29,29)][(16,23) , (32,25)][(12,10) , (14,19)]
ratio=4.0 Rectangles:[(0,1) , (16,11)][(0,7) , (16,13)][(16,0) , (32,14)][(0,22) , (8,29)]
ratio=4.571428571428571 Rectangles:[(16,11) , (32,27)][(0,26) , (16,28)]
ratio=4.533333333333333 Rectangles:[(0,2) , (16,15)][(16,14) , (32,20)][(20,11) , (22,12)]
ratio=4.571428571428571 Rectangles:[(14,4) , (15,26)][(0,1) , (16,19)][(16,2) , (32,6)][(27,5) , (28,19)]
ratio=4.0 Rectangles:[(16,3) , (24,29)][(16,13) , (32,27)][(0,16) , (16,28)]
ratio=4.0 Rectangles:[(16,6) , (32,18)][(0,14) , (16,22)][(0,13) , (16,18)][(8,1) , (16,24)]
ratio=4.173913043478261 Rectangles:[(20,27) , (24,29)][(12,3) , (16,28)][(16,17) , (32,19)][(16,28) , (32,29)][(0,8) , (16,28)][(8,5) , (16,20)]
