ratio=1.5525210084033614 Rectangles:[(237,178) , (243,197)][(267,194) , (275,294)][(73,7) , (195,275)][(172,233) , (287,262)][(233,224) , (242,229)][(107,174) , (258,268)][(266,38) , (283,270)][(224,46) , (241,192)][(235,7) , (275,240)][(230,241) , (272,260)][(278,25) , (293,125)][(31,255) , (253,296)][(265,13) , (281,33)][(212,28) , (223,121)][(222,236) , (249,266)][(94,47) , (207,158)][(98,62) , (236,205)]
ratio=1.636484687083888 Rectangles:[(161,239) , (239,296)][(208,0) , (296,190)][(289,266) , (299,269)][(269,140) , (284,269)][(196,7) , (252,201)][(137,185) , (299,201)][(58,107) , (206,239)][(250,115) , (259,120)][(22,163) , (211,172)][(246,145) , (290,155)][(120,250) , (208,263)][(109,130) , (288,261)][(214,291) , (296,293)][(286,157) , (289,208)][(293,219) , (296,229)][(156,254) , (229,299)][(70,222) , (164,267)][(195,242) , (245,296)][(22,86) , (282,233)][(31,79) , (149,245)][(267,22) , (270,191)]
ratio=1.5865384615384615 Rectangles:[(11,61) , (23,63)][(80,84) , (88,89)][(32,51) , (35,69)][(74,28) , (99,70)][(10,13) , (79,39)][(61,71) , (99,99)][(33,83) , (43,98)][(24,44) , (30,50)][(8,15) , (93,90)][(73,82) , (85,97)][(9,7) , (82,29)][(63,69) , (87,73)][(95,18) , (99,35)][(49,59) , (76,65)][(76,79) , (94,94)][(28,27) , (57,90)]
ratio=1.573643410852713 Rectangles:[(88,36) , (99,94)][(65,21) , (91,98)][(36,71) , (85,80)][(48,44) , (99,60)][(46,39) , (51,63)][(9,59) , (10,82)][(86,33) , (94,82)][(63,73) , (68,76)][(97,50) , (98,64)][(40,85) , (66,96)]
ratio=1.5085714285714287 Rectangles:[(49,35) , (78,63)][(12,13) , (55,67)][(32,62) , (70,68)][(48,75) , (73,83)][(67,42) , (85,53)][(90,73) , (92,92)][(83,41) , (99,52)][(98,35) , (99,78)][(5,90) , (12,96)][(88,7) , (98,97)][(77,21) , (86,29)][(92,6) , (95,22)][(39,38) , (68,98)][(79,47) , (91,71)][(8,30) , (59,58)]
ratio=1.5798319327731092 Rectangles:[(74,9) , (81,44)][(38,59) , (44,61)][(22,70) , (96,82)][(21,10) , (73,72)][(43,63) , (81,82)][(87,61) , (96,77)][(1,92) , (14,97)][(65,43) , (99,77)][(18,91) , (28,97)][(81,5) , (86,34)]
ratio=1.5477707006369428 Rectangles:[(71,52) , (82,78)][(63,40) , (99,59)][(82,6) , (99,67)][(77,70) , (78,98)][(9,36) , (38,72)][(79,80) , (90,89)][(9,38) , (64,92)][(17,61) , (55,65)][(95,28) , (97,68)][(70,27) , (87,58)][(62,9) , (73,53)][(84,56) , (96,89)][(74,43) , (75,73)][(5,57) , (60,93)][(57,95) , (90,96)][(33,47) , (75,99)]
ratio=1.5681818181818181 Rectangles:[(74,47) , (89,74)][(29,20) , (34,48)][(79,35) , (86,93)][(60,89) , (93,98)][(27,11) , (62,31)][(26,14) , (56,72)][(31,39) , (70,43)][(77,47) , (93,64)][(55,74) , (84,94)][(88,41) , (94,51)][(66,1) , (94,96)][(80,28) , (86,46)][(3,4) , (59,99)][(25,16) , (79,70)]
ratio=1.5520361990950227 Rectangles:[(42,51) , (59,77)][(50,81) , (85,94)][(14,66) , (99,73)][(57,75) , (98,90)][(13,83) , (59,96)][(86,92) , (97,95)][(11,35) , (26,90)][(28,60) , (49,61)][(58,22) , (65,24)][(1,34) , (18,94)][(63,4) , (76,67)]
ratio=1.84 Rectangles:[(73,22) , (76,50)][(50,25) , (54,59)][(87,31) , (96,98)][(62,34) , (82,71)][(57,74) , (97,87)][(34,74) , (40,78)][(24,75) , (74,88)][(39,68) , (53,79)][(28,59) , (47,92)][(28,37) , (69,89)][(95,13) , (98,20)]
ratio=1.5533980582524272 Rectangles:[(18,15) , (47,47)][(78,59) , (95,99)][(48,27) , (72,81)][(49,71) , (68,86)][(34,13) , (87,35)][(44,41) , (93,99)][(71,83) , (98,97)][(87,33) , (98,75)][(77,97) , (99,99)][(85,44) , (91,92)][(56,27) , (88,99)][(40,25) , (75,51)][(41,64) , (88,71)][(89,53) , (96,84)][(18,39) , (48,85)][(44,84) , (82,91)]
ratio=1.5348837209302326 Rectangles:[(37,66) , (75,85)][(14,76) , (53,93)][(21,63) , (49,82)][(52,64) , (71,75)][(69,31) , (84,89)]
ratio=1.546218487394958 Rectangles:[(92,55) , (93,72)][(63,4) , (71,36)][(7,29) , (87,97)][(92,65) , (94,74)][(56,49) , (97,98)][(74,39) , (85,56)][(10,12) , (86,31)][(53,43) , (74,86)][(5,64) , (78,77)][(34,32) , (43,67)][(70,49) , (81,60)][(50,26) , (98,68)][(60,84) , (93,88)][(64,13) , (70,71)][(60,37) , (82,43)][(88,33) , (91,99)]
ratio=1.6611111111111112 Rectangles:[(78,87) , (81,91)][(61,82) , (95,90)][(91,90) , (95,94)][(29,35) , (95,91)][(72,16) , (80,96)][(1,74) , (38,80)][(78,47) , (82,57)][(62,60) , (74,95)][(55,48) , (70,62)][(27,12) , (59,33)][(54,2) , (74,73)][(52,51) , (87,53)][(16,31) , (54,96)][(5,11) , (32,86)]
ratio=1.651006711409396 Rectangles:[(20,10) , (80,59)][(88,56) , (99,65)][(10,62) , (42,69)][(17,64) , (89,65)][(65,17) , (94,91)][(33,61) , (71,99)]
ratio=1.7040816326530612 Rectangles:[(79,61) , (90,89)][(63,90) , (75,92)][(58,57) , (70,90)][(7,61) , (92,74)][(6,39) , (76,68)]
ratio=1.5078125 Rectangles:[(84,20) , (94,75)][(47,34) , (67,84)][(17,37) , (84,63)][(75,41) , (95,73)][(65,54) , (78,76)][(70,81) , (81,88)][(46,60) , (78,70)][(47,36) , (90,85)][(64,22) , (75,52)][(16,49) , (62,83)][(94,66) , (97,80)][(37,19) , (47,52)][(7,31) , (83,78)][(64,32) , (78,46)][(94,6) , (96,41)]
ratio=1.5742574257425743 Rectangles:[(39,71) , (77,93)][(72,26) , (93,90)][(52,13) , (54,98)][(86,72) , (88,97)][(76,96) , (91,97)][(83,89) , (86,95)][(90,45) , (97,79)][(62,81) , (99,87)][(50,67) , (78,75)]
ratio=1.6814159292035398 Rectangles:[(93,77) , (98,87)][(40,32) , (88,65)][(64,86) , (72,97)][(93,45) , (96,78)][(43,14) , (97,42)][(15,2) , (98,84)][(93,58) , (97,63)][(15,5) , (78,88)][(2,22) , (85,55)]
ratio=1.5707762557077625 Rectangles:[(19,9) , (40,96)][(38,74) , (84,95)][(10,51) , (18,53)][(51,39) , (73,77)][(87,69) , (99,87)][(67,40) , (92,50)][(25,46) , (53,84)][(86,72) , (92,91)][(28,8) , (82,44)][(40,86) , (57,92)][(94,26) , (96,44)][(43,55) , (60,57)][(81,50) , (93,94)][(8,97) , (51,99)]
ratio=1.5056179775280898 Rectangles:[(1,49) , (40,98)][(59,14) , (75,64)][(75,71) , (82,96)][(42,97) , (63,98)][(31,58) , (72,96)][(75,73) , (94,91)][(89,32) , (94,65)][(42,96) , (64,97)][(42,54) , (90,85)][(34,60) , (59,68)][(98,31) , (99,32)][(31,7) , (83,62)][(11,13) , (32,74)][(51,48) , (57,65)][(26,83) , (92,95)]
ratio=1.5 Rectangles:[(55,58) , (74,85)][(94,17) , (97,77)][(74,20) , (93,39)][(89,81) , (95,97)][(93,54) , (98,71)][(8,3) , (62,19)][(28,35) , (93,53)][(3,39) , (56,68)][(73,42) , (80,68)][(78,32) , (86,92)][(90,67) , (93,78)][(37,78) , (96,94)][(24,8) , (74,20)]
ratio=1.683168316831683 Rectangles:[(2,39) , (42,94)][(38,74) , (98,79)][(91,90) , (92,96)][(67,46) , (71,95)][(61,73) , (92,82)][(6,62) , (39,69)]
ratio=1.6133333333333333 Rectangles:[(1,19) , (74,94)][(2,69) , (63,79)][(66,31) , (88,75)][(1,83) , (37,89)][(46,62) , (65,64)][(6,66) , (20,90)][(44,54) , (96,90)]
ratio=1.625 Rectangles:[(9,38) , (89,55)][(27,14) , (77,43)][(80,79) , (82,83)][(15,23) , (24,89)][(43,58) , (59,87)][(30,69) , (74,90)][(39,55) , (72,94)][(83,67) , (85,98)][(71,42) , (83,59)]
ratio=1.7142857142857142 Rectangles:[(60,86) , (82,88)][(35,88) , (78,90)][(26,63) , (27,70)][(45,62) , (93,83)][(79,43) , (96,94)][(64,13) , (73,86)][(11,17) , (67,92)][(94,16) , (96,41)][(15,80) , (93,87)][(47,80) , (80,97)][(19,71) , (22,75)][(45,14) , (91,32)][(82,6) , (98,63)][(19,75) , (38,97)][(50,13) , (95,38)]
ratio=1.8617021276595744 Rectangles:[(88,24) , (89,60)][(19,29) , (35,92)][(9,65) , (35,90)][(25,84) , (37,97)][(60,28) , (78,76)][(21,40) , (63,97)][(22,37) , (85,95)][(21,63) , (56,71)][(82,56) , (90,82)][(61,24) , (70,98)][(28,38) , (88,93)]
ratio=1.9111111111111112 Rectangles:[(89,30) , (94,68)][(87,42) , (93,70)][(79,86) , (99,90)][(8,2) , (14,91)][(15,32) , (97,97)][(88,22) , (99,73)][(68,31) , (88,60)][(10,72) , (97,86)][(32,75) , (76,94)][(81,1) , (82,41)][(75,64) , (97,81)][(8,16) , (63,96)]
ratio=1.9508196721311475 Rectangles:[(86,88) , (98,98)][(81,91) , (96,95)][(54,40) , (66,55)][(94,8) , (95,11)][(7,75) , (56,88)][(30,49) , (88,93)][(66,32) , (99,99)][(29,78) , (83,85)][(64,35) , (79,81)][(35,50) , (75,81)]
ratio=1.8310810810810811 Rectangles:[(63,54) , (75,62)][(83,17) , (99,89)][(82,19) , (92,53)][(22,64) , (29,98)][(37,30) , (55,98)][(3,61) , (85,79)][(94,13) , (98,47)][(48,64) , (75,68)][(55,11) , (65,98)][(56,81) , (73,82)][(57,32) , (76,55)][(77,11) , (95,23)][(36,35) , (93,96)]
ratio=2.054421768707483 Rectangles:[(84,8) , (91,27)][(97,82) , (98,97)][(25,11) , (40,64)][(70,65) , (89,89)][(68,7) , (79,64)][(27,76) , (85,85)][(65,19) , (99,83)][(63,56) , (65,90)][(26,54) , (77,85)][(7,41) , (27,60)][(47,19) , (75,77)][(41,54) , (98,82)][(51,59) , (82,66)][(95,86) , (98,92)][(92,61) , (97,94)]
ratio=1.8518518518518519 Rectangles:[(64,3) , (89,7)][(97,96) , (98,97)][(63,7) , (87,9)]
ratio=1.9019607843137254 Rectangles:[(82,56) , (83,88)][(33,30) , (36,66)][(48,52) , (86,63)][(81,51) , (96,98)][(65,29) , (81,73)]
ratio=1.9310344827586208 Rectangles:[(60,51) , (84,96)][(64,35) , (83,86)][(31,5) , (59,41)][(42,19) , (65,46)]
ratio=1.867132867132867 Rectangles:[(94,73) , (99,81)][(25,46) , (29,77)][(89,10) , (90,57)][(30,40) , (87,48)][(3,2) , (95,48)][(54,26) , (80,47)][(52,31) , (78,68)][(16,17) , (51,30)][(25,45) , (90,73)][(87,63) , (98,68)][(6,19) , (53,66)][(80,46) , (90,47)]
ratio=1.913978494623656 Rectangles:[(72,7) , (79,78)][(51,70) , (54,79)][(47,33) , (68,63)][(94,2) , (96,15)][(8,60) , (49,76)][(36,62) , (96,90)][(12,1) , (68,92)]
ratio=1.811881188118812 Rectangles:[(53,86) , (90,90)][(83,73) , (90,81)][(97,44) , (99,74)][(36,35) , (53,88)][(72,69) , (91,70)][(52,70) , (75,71)][(1,34) , (36,72)][(13,11) , (43,65)][(28,30) , (97,85)][(57,32) , (71,70)][(74,93) , (77,98)][(49,68) , (95,74)][(6,33) , (27,91)][(94,26) , (98,38)][(89,60) , (96,67)][(57,77) , (95,84)]
ratio=1.839378238341969 Rectangles:[(84,63) , (92,79)][(69,2) , (80,42)][(13,15) , (26,85)][(37,26) , (83,98)][(1,82) , (58,83)][(35,28) , (83,76)][(63,84) , (98,94)][(23,56) , (68,58)][(58,77) , (78,78)][(37,27) , (84,96)][(28,17) , (29,21)][(64,71) , (93,90)]
ratio=1.9388646288209608 Rectangles:[(1,47) , (19,70)][(89,56) , (90,66)][(42,47) , (93,77)][(17,29) , (42,74)][(17,68) , (51,69)][(1,86) , (14,96)][(54,19) , (59,36)][(15,76) , (49,95)][(8,89) , (92,98)][(73,16) , (74,50)][(21,11) , (62,65)][(18,46) , (30,65)][(45,61) , (72,72)][(6,41) , (56,64)][(4,9) , (99,98)]
ratio=1.9918032786885247 Rectangles:[(69,73) , (86,76)][(97,34) , (99,78)][(5,52) , (93,65)][(13,34) , (97,66)][(54,45) , (90,79)][(35,29) , (75,60)][(61,52) , (95,99)][(88,95) , (99,96)][(33,43) , (44,77)]
ratio=1.8709677419354838 Rectangles:[(64,25) , (91,79)][(80,19) , (93,69)][(62,67) , (82,71)]
ratio=1.8067226890756303 Rectangles:[(80,67) , (88,92)][(90,64) , (95,68)][(51,22) , (63,77)][(10,11) , (12,46)][(85,72) , (99,94)][(50,12) , (79,89)][(39,64) , (61,72)][(46,22) , (89,45)][(63,22) , (72,40)][(40,28) , (92,76)][(61,89) , (98,94)][(84,14) , (91,43)]
ratio=1.8529411764705883 Rectangles:[(93,69) , (98,83)][(28,46) , (48,73)][(86,82) , (97,93)][(52,18) , (79,89)][(60,83) , (75,97)][(47,13) , (96,61)][(42,25) , (62,56)][(83,91) , (86,94)][(14,48) , (64,62)][(97,51) , (99,78)][(12,30) , (99,92)][(60,60) , (79,68)][(59,49) , (88,58)]
ratio=1.8958333333333333 Rectangles:[(44,21) , (47,41)][(44,72) , (59,76)][(49,66) , (94,97)][(49,19) , (67,75)][(37,1) , (43,50)][(96,58) , (97,88)][(71,58) , (98,82)][(34,51) , (59,69)][(68,59) , (90,88)][(48,43) , (69,91)][(87,3) , (88,50)][(27,37) , (92,97)][(80,32) , (82,77)]
ratio=1.8701923076923077 Rectangles:[(77,21) , (96,38)][(73,44) , (85,49)][(81,53) , (87,75)][(13,59) , (18,94)][(52,26) , (53,92)][(12,90) , (82,96)][(39,3) , (43,43)][(72,7) , (92,66)][(24,48) , (74,97)][(98,24) , (99,93)][(2,68) , (99,90)][(20,18) , (67,36)][(9,1) , (56,92)][(69,16) , (95,52)][(53,65) , (70,75)][(26,32) , (86,80)]
ratio=2.0377358490566038 Rectangles:[(60,57) , (65,85)][(18,39) , (33,68)][(82,66) , (97,77)][(54,30) , (98,51)][(12,38) , (81,46)][(20,32) , (97,88)][(71,28) , (91,83)]
ratio=1.8518518518518519 Rectangles:[(68,76) , (80,93)][(6,1) , (16,76)][(42,85) , (80,87)][(31,18) , (76,56)][(53,23) , (89,33)][(14,0) , (84,41)][(5,71) , (16,81)][(70,4) , (95,62)][(45,33) , (71,86)][(60,24) , (62,97)][(25,11) , (30,20)][(45,10) , (59,29)][(79,16) , (91,93)]
ratio=1.8202247191011236 Rectangles:[(67,96) , (99,98)][(52,8) , (93,23)][(65,66) , (67,74)][(88,13) , (92,89)][(64,23) , (91,48)][(40,20) , (95,97)]
ratio=1.8323699421965318 Rectangles:[(65,83) , (73,84)][(82,61) , (85,95)][(29,10) , (95,68)][(44,28) , (89,96)][(66,53) , (76,73)][(73,9) , (84,13)][(93,95) , (94,99)][(90,54) , (95,93)][(29,59) , (87,92)][(17,92) , (85,97)][(13,52) , (49,80)][(26,93) , (79,99)][(17,90) , (58,98)][(51,37) , (98,61)][(26,14) , (52,79)]
ratio=1.8288288288288288 Rectangles:[(11,58) , (30,97)][(81,5) , (99,58)][(97,80) , (99,98)][(83,96) , (86,99)][(15,33) , (50,42)][(14,30) , (71,99)][(36,10) , (92,83)][(38,6) , (92,65)][(86,33) , (98,89)][(12,38) , (94,65)]
ratio=1.8089430894308942 Rectangles:[(42,52) , (62,88)][(36,96) , (52,98)][(11,36) , (33,88)][(74,42) , (79,62)][(34,36) , (73,38)][(31,76) , (38,84)][(4,4) , (85,85)][(89,35) , (97,45)][(9,62) , (51,64)][(90,52) , (93,56)][(34,26) , (79,59)][(40,66) , (84,72)][(62,30) , (69,63)][(36,76) , (72,95)][(69,3) , (94,88)][(96,41) , (98,80)]
ratio=1.95 Rectangles:[(13,2) , (19,62)][(76,65) , (92,92)][(43,40) , (90,62)][(34,32) , (69,87)][(13,39) , (85,47)][(59,82) , (96,92)][(67,9) , (90,40)][(55,72) , (71,86)][(97,7) , (99,17)][(64,37) , (85,91)]
ratio=1.8758169934640523 Rectangles:[(89,86) , (98,99)][(6,44) , (50,75)][(64,92) , (66,99)][(40,73) , (85,92)][(64,13) , (91,22)][(93,39) , (97,98)][(64,1) , (74,80)][(46,12) , (90,89)][(4,46) , (42,71)][(39,9) , (76,23)][(93,28) , (94,73)]
ratio=1.8333333333333333 Rectangles:[(79,68) , (83,78)][(22,96) , (73,98)][(98,1) , (99,29)][(73,52) , (74,94)][(15,97) , (84,99)][(14,24) , (86,99)][(57,6) , (58,97)]
ratio=1.9363057324840764 Rectangles:[(80,79) , (95,95)][(1,56) , (10,59)][(51,41) , (67,44)][(63,94) , (66,98)][(70,41) , (77,65)][(47,52) , (81,75)][(89,6) , (97,17)][(54,6) , (71,70)][(9,37) , (49,52)][(9,6) , (33,29)][(29,6) , (82,84)][(8,34) , (89,60)][(97,78) , (98,86)]
ratio=1.8823529411764706 Rectangles:[(84,25) , (87,63)][(49,36) , (77,99)][(74,54) , (75,61)][(66,89) , (86,92)][(59,51) , (69,99)][(17,35) , (41,79)][(21,10) , (61,64)][(64,78) , (69,79)][(50,74) , (74,89)][(14,0) , (92,58)][(42,56) , (47,75)][(14,28) , (32,77)]
ratio=1.811881188118812 Rectangles:[(84,78) , (88,97)][(74,32) , (76,80)][(54,63) , (67,66)][(36,73) , (79,83)][(20,9) , (93,83)][(33,6) , (65,84)][(9,72) , (20,75)][(24,77) , (68,80)][(96,94) , (98,98)][(83,31) , (85,57)]
ratio=1.806201550387597 Rectangles:[(14,37) , (16,65)][(42,26) , (84,79)][(86,12) , (98,65)][(77,52) , (96,94)][(73,73) , (90,76)][(17,43) , (20,64)][(2,48) , (27,67)][(16,0) , (94,51)][(97,51) , (98,66)][(98,44) , (99,51)][(73,2) , (87,53)][(45,12) , (79,83)][(80,76) , (90,78)][(90,47) , (95,87)][(39,30) , (61,94)][(46,83) , (55,89)]
ratio=1.868421052631579 Rectangles:[(86,94) , (87,98)][(74,70) , (99,90)][(62,51) , (87,88)][(75,25) , (96,98)]
ratio=1.9333333333333333 Rectangles:[(88,66) , (95,95)][(67,84) , (79,94)][(55,81) , (66,95)][(18,43) , (75,70)][(50,8) , (55,72)][(75,14) , (83,52)][(3,41) , (63,77)][(7,21) , (47,55)][(13,29) , (57,84)][(11,24) , (30,38)][(13,45) , (89,68)][(62,75) , (77,77)]
ratio=2.0795454545454546 Rectangles:[(41,88) , (51,89)][(36,71) , (48,84)][(94,45) , (96,47)][(45,9) , (83,81)][(60,67) , (64,95)][(64,65) , (76,90)][(19,62) , (28,94)][(34,73) , (91,91)][(97,28) , (98,88)][(70,45) , (94,94)][(28,73) , (33,85)][(65,10) , (92,98)][(94,42) , (97,58)]
ratio=1.8297872340425532 Rectangles:[(43,42) , (50,59)][(38,65) , (87,72)][(12,67) , (29,74)][(26,11) , (48,88)][(89,20) , (94,73)][(70,13) , (79,96)][(9,22) , (39,94)][(64,71) , (93,90)][(88,68) , (92,77)][(8,61) , (31,93)][(96,29) , (97,74)][(54,47) , (72,78)]
ratio=1.8363636363636364 Rectangles:[(85,13) , (99,26)][(48,12) , (62,18)][(18,42) , (41,78)][(91,21) , (99,94)][(98,60) , (99,73)][(76,39) , (85,58)][(67,20) , (85,84)][(33,52) , (78,97)][(51,7) , (90,83)][(80,41) , (96,90)][(60,17) , (81,66)][(89,80) , (92,92)]
ratio=1.8717948717948718 Rectangles:[(76,9) , (84,37)][(5,88) , (23,95)][(28,35) , (68,95)][(31,28) , (84,74)][(75,7) , (94,18)][(59,58) , (80,84)][(51,68) , (78,91)][(21,0) , (24,78)][(20,65) , (81,89)][(93,67) , (94,86)][(59,68) , (79,77)][(41,31) , (56,65)]
ratio=1.9913793103448276 Rectangles:[(47,8) , (91,69)][(33,51) , (59,68)][(4,52) , (22,57)][(26,56) , (49,85)][(95,85) , (99,96)][(66,2) , (91,64)][(18,36) , (51,52)][(37,55) , (60,62)][(7,14) , (46,98)][(86,52) , (90,74)]
ratio=2.114864864864865 Rectangles:[(93,3) , (97,17)][(11,86) , (14,94)][(43,21) , (73,87)][(49,91) , (98,98)][(18,11) , (94,52)][(69,14) , (88,62)][(4,42) , (77,98)][(12,10) , (47,44)][(68,34) , (96,74)][(77,94) , (90,96)]
ratio=2.1481481481481484 Rectangles:[(90,20) , (98,21)][(59,30) , (87,95)][(79,70) , (94,71)][(66,21) , (82,97)][(52,41) , (75,79)][(48,9) , (93,90)]
ratio=2.026315789473684 Rectangles:[(46,65) , (52,80)][(9,38) , (62,45)][(69,43) , (88,45)][(33,4) , (95,98)][(9,29) , (86,63)][(7,40) , (82,69)][(89,46) , (95,87)][(50,89) , (68,95)][(55,78) , (93,80)]
ratio=1.8414634146341464 Rectangles:[(40,49) , (71,85)][(67,32) , (97,78)][(56,9) , (74,35)][(93,98) , (97,99)][(81,20) , (94,72)][(61,46) , (96,64)][(37,24) , (86,99)]
ratio=1.9261744966442953 Rectangles:[(36,50) , (44,53)][(88,66) , (89,83)][(85,84) , (97,94)][(7,56) , (86,86)][(1,59) , (88,69)][(28,46) , (47,49)][(34,26) , (36,65)][(61,29) , (83,49)][(9,27) , (77,90)]
ratio=1.9421487603305785 Rectangles:[(5,16) , (18,92)][(85,77) , (88,89)][(31,6) , (97,61)][(39,54) , (97,65)][(86,87) , (99,90)][(75,86) , (88,98)][(32,54) , (92,86)][(3,13) , (77,68)][(76,62) , (78,85)][(41,48) , (98,85)]
ratio=1.8364779874213837 Rectangles:[(95,91) , (96,99)][(37,85) , (68,89)][(66,14) , (95,83)][(64,79) , (98,92)][(22,86) , (90,90)][(21,59) , (73,88)][(60,5) , (77,99)][(37,60) , (74,82)][(72,3) , (94,31)][(65,64) , (75,68)][(40,64) , (94,86)][(23,12) , (59,65)]
ratio=1.8875 Rectangles:[(77,64) , (82,69)][(27,19) , (74,45)][(82,19) , (84,99)][(81,51) , (85,79)][(60,18) , (98,51)][(50,53) , (51,57)][(60,6) , (62,43)][(96,33) , (97,51)][(31,11) , (42,87)][(30,12) , (93,90)][(90,16) , (93,99)]
