2.967741935483871 2.933333333333333 2.1818181818181817 2.4545454545454546 2.8 2.923076923076923 2.888888888888889 2.56 2.2857142857142856 2.2758620689655173 2.9411764705882355 2.782608695652174 2.8333333333333335 2.4615384615384617 2.5 2.0 
3.0 2.109090909090909 
4.363636363636363 2.857142857142857 2.8 2.242424242424242 2.6666666666666665 1.9090909090909092 2.6666666666666665 2.742857142857143 2.6666666666666665 2.9411764705882355 
3.5 
3.2 2.25 2.0 2.4615384615384617 2.8260869565217392 
3.272727272727273 2.4615384615384617 2.5806451612903225 2.235294117647059 2.6315789473684212 2.0 2.909090909090909 
3.130434782608696 2.7755102040816326 2.358974358974359 2.0 2.3703703703703702 2.2666666666666666 2.5714285714285716 2.5925925925925926 
3.0476190476190474 2.1818181818181817 2.6153846153846154 2.3333333333333335 
3.5789473684210527 2.380952380952381 2.782608695652174 2.311111111111111 2.6666666666666665 2.4615384615384617 2.526315789473684 2.75 2.8333333333333335 2.742857142857143 2.6666666666666665 2.210526315789474 2.0 
3.090909090909091 2.6875 
3.076923076923077 2.3783783783783785 
3.130434782608696 1.5 1.6521739130434783 
3.473684210526316 2.357142857142857 2.909090909090909 2.782608695652174 2.4 
3.0 2.6666666666666665 2.272727272727273 2.4186046511627906 2.727272727272727 2.484848484848485 2.909090909090909 2.625 2.782608695652174 2.6315789473684212 2.5945945945945947 1.9024390243902438 2.3529411764705883 2.1875 2.2 2.4761904761904763 1.9230769230769231 
3.0 2.76 
3.2 2.0 2.909090909090909 2.3529411764705883 2.769230769230769 2.823529411764706 2.0 2.5 2.909090909090909 2.5454545454545454 2.9047619047619047 2.742857142857143 2.5853658536585367 
3.272727272727273 
3.3333333333333335 2.2666666666666666 2.4285714285714284 2.933333333333333 2.774193548387097 2.871794871794872 2.4 
3.272727272727273 
3.0 2.130434782608696 2.782608695652174 2.0 
3.0 2.0 
3.130434782608696 2.6666666666666665 2.814814814814815 2.0 
3.3636363636363638 2.188679245283019 2.0 
3.9047619047619047 
4.363636363636363 2.6666666666666665 2.5714285714285716 2.869565217391304 2.4285714285714284 
3.6363636363636362 2.0 2.6341463414634148 2.723404255319149 2.526315789473684 
3.0476190476190474 2.6666666666666665 2.25 2.857142857142857 2.6666666666666665 2.6666666666666665 2.260869565217391 2.227272727272727 2.2758620689655173 2.6666666666666665 2.9565217391304346 2.6666666666666665 2.3703703703703702 2.6666666666666665 2.909090909090909 2.967741935483871 2.5 2.526315789473684 
3.2 
3.466666666666667 2.1333333333333333 
3.096774193548387 2.2857142857142856 2.6666666666666665 2.8823529411764706 
3.0 2.869565217391304 2.3728813559322033 2.2222222222222223 
3.0476190476190474 2.8 2.764705882352941 1.793103448275862 2.193548387096774 2.24 2.7058823529411766 2.357142857142857 2.6486486486486487 2.4 2.857142857142857 
3.090909090909091 2.488888888888889 2.2857142857142856 2.769230769230769 2.6666666666666665 2.2857142857142856 
3.3684210526315788 1.619047619047619 2.5714285714285716 
3.310344827586207 
3.2 2.5555555555555554 
3.2 2.2 2.7142857142857144 2.3225806451612905 2.4615384615384617 2.7457627118644066 
3.282051282051282 2.2666666666666666 2.411764705882353 2.260869565217391 2.2325581395348837 2.769230769230769 2.9 2.6666666666666665 2.3157894736842106 2.1463414634146343 2.5 2.380952380952381 2.56 2.0 2.0952380952380953 2.326530612244898 2.88 
3.2 2.7906976744186047 
3.0 2.0 2.7096774193548385 2.88 
3.0 
3.0 
3.2 
3.3684210526315788 2.3703703703703702 2.742857142857143 1.9090909090909092 2.711864406779661 2.96 
3.2 2.1333333333333333 2.4516129032258065 2.8 1.6923076923076923 2.5098039215686274 
3.2 