2.7586206896551726 2.7666666666666666 2.246153846153846 
3.0460251046025104 2.769230769230769 2.6301369863013697 2.4693877551020407 2.706948640483384 
3.1055276381909547 2.5194805194805197 2.4742268041237114 2.7242798353909463 2.5929203539823007 2.456692913385827 2.25 2.526315789473684 2.7796610169491527 2.1333333333333333 2.643478260869565 2.225806451612903 2.4329896907216493 2.713375796178344 2.407766990291262 
3.2439024390243905 2.900900900900901 2.32183908045977 2.05 2.4166666666666665 
3.2 2.27027027027027 1.9230769230769231 2.341463414634146 2.8380952380952382 2.9724770642201834 2.0 2.2176870748299318 
3.2888888888888888 2.392156862745098 2.3434343434343434 2.6391752577319587 
3.5268817204301075 2.1333333333333333 
3.272727272727273 2.31055900621118 2.5934065934065935 2.1492537313432836 2.361290322580645 
3.1818181818181817 2.3954802259887007 2.150943396226415 2.404040404040404 2.5660377358490565 2.5714285714285716 2.488888888888889 1.7560975609756098 2.5196850393700787 2.3469387755102042 2.896551724137931 
3.018867924528302 2.4615384615384617 2.40625 2.2844036697247705 2.430379746835443 2.4444444444444446 
3.3275862068965516 2.3144654088050314 2.1705426356589146 1.7142857142857142 2.590909090909091 2.6666666666666665 2.341463414634146 2.0 2.425531914893617 2.440677966101695 
3.657142857142857 2.4489795918367347 2.203125 2.6194690265486726 
3.6296296296296298 2.1639344262295084 2.7052023121387285 2.4516129032258065 2.4 
3.0 2.385321100917431 2.267716535433071 2.857142857142857 2.782608695652174 2.3255813953488373 2.6666666666666665 
3.161290322580645 2.3092783505154637 2.4086021505376345 1.9836065573770492 2.64 2.5454545454545454 2.3870967741935485 2.909090909090909 2.6987951807228914 2.3421052631578947 2.4 2.88 2.208955223880597 2.823529411764706 2.696969696969697 2.3035714285714284 2.5853658536585367 2.4 2.9931034482758623 2.2857142857142856 2.693877551020408 2.0 2.5185185185185186 
3.657142857142857 2.604651162790698 
3.0625 2.5925925925925926 2.3307086614173227 2.452830188679245 2.3711340206185567 2.25 2.6503067484662575 
3.0 2.909090909090909 2.5714285714285716 2.8085106382978724 2.6923076923076925 2.1333333333333333 2.804123711340206 2.6122448979591835 2.633093525179856 2.56140350877193 2.656716417910448 2.2564102564102564 2.4 2.0 2.048780487804878 2.703448275862069 2.8266666666666667 2.4615384615384617 2.2564102564102564 2.2793296089385473 2.4081632653061225 2.0 2.5384615384615383 2.0779220779220777 2.711864406779661 2.098360655737705 2.0 2.449760765550239 2.4657534246575343 2.0372670807453415 2.704225352112676 2.4210526315789473 2.6788990825688073 2.6556016597510372 
3.0 2.341463414634146 2.5454545454545454 2.84375 
3.0714285714285716 2.3703703703703702 2.6363636363636362 2.1666666666666665 2.0 2.5789473684210527 2.3063063063063063 2.523076923076923 2.148936170212766 
3.1372549019607843 2.0966183574879227 2.567901234567901 2.3333333333333335 2.5849056603773586 2.4347826086956523 2.6774193548387095 2.5454545454545454 2.5806451612903225 2.280701754385965 2.626865671641791 2.347826086956522 2.129496402877698 2.8 2.3278688524590163 2.3214285714285716 2.475609756097561 2.4328358208955225 2.3934426229508197 
3.282051282051282 2.4375 2.782608695652174 2.6315789473684212 2.3703703703703702 2.3783783783783785 2.4126984126984126 2.220183486238532 
3.1564625850340136 2.6666666666666665 2.7012987012987013 2.933333333333333 2.2535211267605635 2.5517241379310347 2.9714285714285715 2.618181818181818 2.6666666666666665 2.7012987012987013 2.767123287671233 2.731707317073171 2.820143884892086 2.736842105263158 1.9398496240601504 2.4444444444444446 2.825 2.727272727272727 
3.176470588235294 2.712871287128713 2.4466019417475726 2.604651162790698 2.8444444444444446 2.7169811320754715 2.376237623762376 2.411111111111111 2.6923076923076925 2.4457831325301207 2.237762237762238 2.0504201680672267 2.512396694214876 
3.0 2.5660377358490565 2.2748091603053435 2.5454545454545454 2.641025641025641 
3.3488372093023258 2.2016806722689077 1.7777777777777777 
4.166666666666667 2.406015037593985 2.857142857142857 2.5660377358490565 2.526315789473684 2.6666666666666665 2.452830188679245 2.43609022556391 2.7216494845360826 2.7132867132867133 2.8472906403940885 2.1564245810055866 2.823529411764706 2.0 2.4788732394366195 2.2626262626262625 2.2018348623853212 2.2 2.330275229357798 2.4427480916030535 2.311111111111111 2.898876404494382 2.1925925925925926 1.9444444444444444 2.6666666666666665 2.417910447761194 2.2142857142857144 2.909090909090909 2.196319018404908 2.4301075268817205 2.6785714285714284 2.731707317073171 2.7484662576687118 
3.116883116883117 2.4444444444444446 2.7560975609756095 2.6557377049180326 2.9315068493150687 2.618181818181818 
3.212121212121212 2.5396825396825395 2.3333333333333335 2.4457831325301207 2.336283185840708 2.3092783505154637 2.426470588235294 2.5084745762711864 2.2857142857142856 2.2413793103448274 2.220472440944882 2.5 2.1775147928994083 2.3783783783783785 2.8461538461538463 2.74468085106383 2.2264150943396226 
3.380281690140845 
3.0407239819004523 
3.0393700787401574 2.24 2.6530612244897958 2.3098591549295775 2.4615384615384617 2.823529411764706 2.761904761904762 2.622448979591837 
3.2 
3.6923076923076925 2.123456790123457 2.4606060606060605 1.5217391304347827 2.1666666666666665 2.25 
3.764705882352941 2.909090909090909 2.3225806451612905 
3.212121212121212 2.115702479338843 1.9603960396039604 2.0 
3.1707317073170733 2.2446043165467624 2.185185185185185 2.2992125984251968 2.63265306122449 2.3423423423423424 2.6666666666666665 2.3943661971830985 2.731707317073171 2.507042253521127 2.6031746031746033 2.903225806451613 2.24 2.7157894736842105 2.4390243902439024 
3.0476190476190474 2.3819095477386933 2.238095238095238 2.419753086419753 2.2033898305084745 
3.4782608695652173 2.3453237410071943 2.6666666666666665 2.6095238095238096 2.186046511627907 2.097560975609756 2.4 
3.3684210526315788 2.7288135593220337 2.6153846153846154 2.6557377049180326 2.3217391304347825 2.4248704663212437 2.4806201550387597 2.88 2.4504504504504503 2.5316455696202533 2.2448979591836733 2.4427480916030535 2.2857142857142856 2.246913580246914 2.390625 2.136986301369863 2.6666666666666665 2.6315789473684212 
3.308411214953271 2.4 
3.129032258064516 2.4748201438848922 2.1739130434782608 2.526315789473684 
3.240506329113924 2.56 
3.2 2.367816091954023 2.5454545454545454 
3.4210526315789473 1.7 2.5647058823529414 2.46875 2.6774193548387095 
3.1136363636363638 2.6995073891625614 2.774193548387097 2.907103825136612 2.488888888888889 2.5828571428571427 2.5517241379310347 2.2 2.169491525423729 2.5093167701863353 
3.2777777777777777 2.373134328358209 2.1777777777777776 2.788732394366197 2.4935064935064934 2.769230769230769 2.0 2.5072463768115942 2.0 
3.0476190476190474 2.6666666666666665 
3.0451612903225804 2.08 
3.4285714285714284 2.523489932885906 2.0869565217391304 2.5686274509803924 2.6666666666666665 2.5084745762711864 2.488888888888889 2.3692307692307693 2.647482014388489 2.814814814814815 2.3529411764705883 2.603550295857988 2.388059701492537 
3.263157894736842 2.5555555555555554 2.6666666666666665 
3.1809523809523808 2.1298701298701297 2.8823529411764706 2.341463414634146 2.523076923076923 2.208955223880597 2.6122448979591835 2.2155172413793105 2.5323741007194243 2.7344632768361583 
3.4594594594594597 2.219178082191781 2.7948717948717947 2.5739130434782607 2.324786324786325 2.4375 2.652173913043478 2.2790697674418605 2.27027027027027 2.3548387096774195 2.962962962962963 
3.4545454545454546 
3.0476190476190474 2.4339622641509435 
3.081081081081081 2.810810810810811 2.633093525179856 
3.2 
3.25 
3.0526315789473686 2.3225806451612905 2.447058823529412 2.34 2.6129032258064515 2.425 2.847457627118644 2.3205128205128207 2.3541666666666665 2.328888888888889 2.2033898305084745 2.4962406015037595 2.2333333333333334 2.805755395683453 2.6301369863013697 2.234042553191489 2.1621621621621623 
3.3658536585365852 2.2033898305084745 2.2857142857142856 2.6206896551724137 2.7586206896551726 2.5753424657534247 2.0 2.484848484848485 2.736842105263158 2.5168539325842696 2.3043478260869565 2.297872340425532 2.736842105263158 2.5316455696202533 2.3703703703703702 2.6784140969162995 2.3333333333333335 1.9661016949152543 2.909090909090909 2.5396825396825395 2.4242424242424243 2.395209580838323 2.742857142857143 2.2674418604651163 2.6506024096385543 2.8275862068965516 2.1132075471698113 2.142857142857143 2.434285714285714 2.0 2.127659574468085 2.7455621301775146 2.484848484848485 2.5354330708661417 2.440677966101695 2.6666666666666665 
3.1627906976744184 
3.8208955223880596 2.447058823529412 2.8493150684931505 2.4473684210526314 2.7 
3.522935779816514 2.4328358208955225 2.2857142857142856 2.3 2.497560975609756 2.486842105263158 2.1176470588235294 2.753846153846154 2.5426356589147288 
3.0476190476190474 2.5142857142857142 2.4788732394366195 1.9710144927536233 2.292682926829268 2.727272727272727 2.4411764705882355 2.1052631578947367 2.742857142857143 2.7885714285714287 
3.2131147540983607 2.4150943396226414 2.5132743362831858 2.6666666666666665 2.459016393442623 
3.5555555555555554 2.918918918918919 
3.134831460674157 2.1538461538461537 
3.1372549019607843 2.4150943396226414 2.8073394495412844 2.5039370078740157 
3.2 
3.056603773584906 2.5794392523364484 2.6422018348623855 2.3486238532110093 2.2857142857142856 2.2264150943396226 2.3703703703703702 2.4 2.064516129032258 2.4472573839662446 
3.595505617977528 
3.0476190476190474 2.5694444444444446 2.830769230769231 2.526315789473684 2.5027322404371586 2.5811965811965814 2.392523364485981 2.796116504854369 
3.5555555555555554 2.696629213483146 2.121212121212121 2.4615384615384617 2.5454545454545454 2.303030303030303 2.100558659217877 2.505050505050505 2.5521472392638036 2.1176470588235294 2.522875816993464 2.4835164835164836 2.3658536585365852 2.289855072463768 2.4615384615384617 2.3597122302158273 2.4742268041237114 2.6666666666666665 2.3676470588235294 2.3567567567567567 2.2988505747126435 2.2753623188405796 2.0 
3.5555555555555554 2.4682926829268292 2.75 
3.0476190476190474 2.4 2.292682926829268 2.4035087719298245 2.7777777777777777 2.4935064935064934 2.526315789473684 2.295302013422819 2.121212121212121 2.3694267515923566 2.3452380952380953 2.4615384615384617 2.5174825174825175 2.8656716417910446 2.607142857142857 2.694736842105263 2.9213483146067416 2.8210526315789473 2.682926829268293 2.909090909090909 2.8955223880597014 2.1946902654867255 2.7549668874172184 2.440677966101695 
3.4 2.8679245283018866 2.050761421319797 2.7540983606557377 2.796875 2.5098039215686274 2.588235294117647 
3.2 2.6289308176100628 2.0 2.909090909090909 2.3076923076923075 2.4503311258278146 2.4754098360655736 2.8686868686868685 2.9292929292929295 2.6382978723404253 2.7474747474747474 2.341463414634146 2.789473684210526 2.1818181818181817 2.1777777777777776 2.6666666666666665 2.2857142857142856 2.388059701492537 
3.1463414634146343 1.8181818181818181 2.24 2.4761904761904763 2.4 2.288659793814433 
3.0068965517241377 2.3312101910828025 1.8888888888888888 
3.272727272727273 2.5806451612903225 2.3085714285714287 2.4427480916030535 2.1654135338345863 2.4615384615384617 2.3846153846153846 2.8333333333333335 2.5 2.725663716814159 2.823529411764706 2.6666666666666665 2.6666666666666665 2.5671641791044775 2.3448275862068964 2.2857142857142856 2.6666666666666665 
3.152542372881356 2.5223880597014925 2.6594594594594594 2.212121212121212 2.449275362318841 
3.0 2.8843537414965987 2.682926829268293 2.2247191011235956 2.2153846153846155 2.274193548387097 2.539325842696629 2.297029702970297 2.5785123966942147 
3.4 2.484076433121019 2.5714285714285716 1.9692307692307693 2.2648401826484017 2.3859649122807016 2.689655172413793 2.5172413793103448 2.5714285714285716 2.6930693069306932 2.765957446808511 2.051282051282051 2.48 2.350515463917526 2.2857142857142856 2.7474747474747474 2.425531914893617 2.2588235294117647 2.4615384615384617 2.0 2.0 2.694610778443114 
3.090909090909091 2.1739130434782608 2.661654135338346 2.4827586206896552 2.746268656716418 2.0 2.2096774193548385 2.4086021505376345 2.267716535433071 2.4705882352941178 2.6666666666666665 2.512396694214876 2.765432098765432 2.6666666666666665 
3.2 2.8026315789473686 2.0 2.9615384615384617 2.7474747474747474 2.4035087719298245 2.736842105263158 2.5454545454545454 2.5734265734265733 
3.0684931506849313 2.606060606060606 2.304932735426009 2.1621621621621623 2.36 2.2595419847328246 2.4508670520231215 2.590909090909091 2.342857142857143 2.341880341880342 2.305084745762712 
3.2653061224489797 2.1068702290076335 2.6031746031746033 2.736842105263158 
3.176470588235294 2.3624161073825505 2.5323741007194243 2.581818181818182 2.1040462427745665 
3.1639344262295084 2.5384615384615383 2.257142857142857 
3.8260869565217392 2.3333333333333335 
3.2093023255813953 2.216666666666667 2.0224719101123596 2.2153846153846155 2.3125 2.1951219512195124 2.8095238095238093 
3.039473684210526 2.6944444444444446 2.9767441860465116 
3.0 2.1739130434782608 2.242424242424242 2.419753086419753 2.4878048780487805 2.5853658536585367 2.626865671641791 2.580246913580247 2.5090909090909093 
3.2777777777777777 2.5606060606060606 2.526315789473684 2.247787610619469 2.2905982905982905 
3.1475409836065573 2.9182389937106916 2.3703703703703702 2.5 2.6335403726708075 2.8521739130434782 2.4235294117647057 2.4 2.4444444444444446 2.312925170068027 2.6666666666666665 2.4958677685950414 2.373134328358209 2.2976190476190474 2.2857142857142856 2.245614035087719 2.0952380952380953 2.6530612244897958 2.677685950413223 2.0 2.522222222222222 2.88 2.64 2.1639344262295084 
3.5555555555555554 2.156862745098039 2.503401360544218 2.1176470588235294 2.3469387755102042 2.4794520547945207 2.6451612903225805 2.7636363636363637 
3.4594594594594597 2.816901408450704 2.533333333333333 2.5168539325842696 2.2222222222222223 2.6853146853146854 2.97196261682243 2.0 2.388571428571429 2.6666666666666665 2.4031007751937983 
3.1219512195121952 2.4339622641509435 
3.223684210526316 2.803030303030303 2.2153846153846155 2.1358024691358026 2.3703703703703702 2.4427480916030535 2.5 2.1052631578947367 2.643478260869565 2.225165562913907 2.75 2.36144578313253 2.3372093023255816 
3.1401869158878504 2.357142857142857 
3.2 2.0 2.9767441860465116 2.5904761904761906 2.388059701492537 2.9278350515463916 2.3142857142857145 2.581818181818182 2.473372781065089 2.2325581395348837 2.632911392405063 2.0 2.5348837209302326 2.1578947368421053 
3.1549295774647885 
3.087719298245614 2.5961538461538463 
3.0481283422459895 2.689075630252101 2.6666666666666665 2.639344262295082 2.7282051282051283 2.782608695652174 2.1923076923076925 2.393700787401575 2.5987261146496814 2.8974358974358974 1.9793814432989691 2.4324324324324325 2.811320754716981 2.617283950617284 2.782608695652174 2.526315789473684 2.7777777777777777 2.519083969465649 2.6611570247933884 
3.095890410958904 
3.103448275862069 2.742857142857143 2.7107438016528924 2.0661157024793386 2.3703703703703702 2.5555555555555554 2.607142857142857 2.6794871794871793 2.782608695652174 2.738095238095238 2.888888888888889 2.5611510791366907 1.911764705882353 2.6557377049180326 2.4397163120567376 2.538922155688623 
3.085714285714286 2.406779661016949 2.5185185185185186 2.5789473684210527 2.1666666666666665 2.8875 2.6126126126126126 
3.022222222222222 2.75 2.0 2.8366013071895426 2.65 2.3373493975903616 2.7222222222222223 2.909090909090909 2.4892086330935252 2.660633484162896 2.25 2.7804878048780486 2.4962406015037595 2.4 
3.096774193548387 2.477064220183486 
3.076923076923077 2.727272727272727 2.2033898305084745 2.7132867132867133 2.489795918367347 2.245614035087719 2.736842105263158 2.0 2.2388059701492535 2.6666666666666665 2.635658914728682 
3.2542372881355934 2.1176470588235294 
3.5555555555555554 2.8131868131868134 2.625 2.0763358778625953 2.347826086956522 2.210526315789474 
3.272727272727273 1.7777777777777777 2.622950819672131 2.2857142857142856 2.782608695652174 2.857142857142857 2.4242424242424243 2.0 2.4835164835164836 2.3333333333333335 
3.3684210526315788 
3.8857142857142857 2.5755395683453237 2.909090909090909 2.1578947368421053 2.677685950413223 2.272727272727273 2.128205128205128 2.311111111111111 2.1818181818181817 2.25 2.909090909090909 2.5294117647058822 2.816326530612245 2.1641791044776117 2.1920903954802258 2.4615384615384617 2.064516129032258 2.5789473684210527 2.9696969696969697 2.6 2.78125 2.9767441860465116 2.8627450980392157 2.268292682926829 2.323809523809524 
3.3214285714285716 2.234234234234234 2.909090909090909 
3.3185185185185184 2.5742574257425743 2.549019607843137 
3.395348837209302 2.327272727272727 2.8493150684931505 2.264705882352941 2.596026490066225 2.219178082191781 2.5454545454545454 
3.272727272727273 
3.230769230769231 
3.6266666666666665 2.4242424242424243 2.5806451612903225 2.487309644670051 2.6258503401360542 2.723404255319149 2.5208333333333335 2.4857142857142858 2.305084745762712 2.5413533834586466 2.56 2.56 2.6451612903225805 2.2752293577981653 2.539473684210526 2.2420382165605095 2.201058201058201 2.72972972972973 2.8656716417910446 2.778947368421053 
3.111111111111111 
3.0697674418604652 2.218390804597701 2.2289156626506026 2.2588235294117647 2.803738317757009 2.4 2.875 2.7169811320754715 2.4204545454545454 2.933333333333333 2.230769230769231 
3.4594594594594597 2.3771428571428572 
3.1538461538461537 2.5168539325842696 2.2083333333333335 
3.076923076923077 2.511111111111111 2.078740157480315 2.491228070175439 2.248062015503876 2.8 
3.4210526315789473 2.552941176470588 2.8852459016393444 2.157303370786517 
3.2323232323232323 2.752688172043011 2.366013071895425 2.5294117647058822 2.765217391304348 2.3307086614173227 2.227642276422764 
3.5555555555555554 2.56 2.4873949579831933 2.1204819277108435 1.9692307692307693 2.3448275862068964 
3.3684210526315788 2.634920634920635 2.9740259740259742 
3.2 2.2888888888888888 2.52991452991453 2.782608695652174 2.6666666666666665 2.5090909090909093 2.5 2.6578947368421053 2.3333333333333335 2.9323308270676693 2.4752475247524752 
3.764705882352941 2.2758620689655173 2.526315789473684 2.5846153846153848 
3.1627906976744184 
3.0 2.414814814814815 2.554973821989529 2.1333333333333333 2.45679012345679 2.697986577181208 2.268041237113402 2.074074074074074 
3.1219512195121952 2.2142857142857144 
3.152542372881356 2.8756218905472637 2.3043478260869565 2.4662576687116564 2.0 2.17687074829932 
3.5555555555555554 2.659340659340659 2.7804878048780486 
3.4594594594594597 2.2823529411764705 2.2857142857142856 2.1052631578947367 1.9642857142857142 2.986666666666667 2.272727272727273 2.107142857142857 2.992248062015504 2.909090909090909 2.3092783505154637 2.264705882352941 2.2976190476190474 2.6285714285714286 2.3384615384615386 2.638888888888889 
3.0 2.869565217391304 
3.017543859649123 2.7457627118644066 2.3333333333333335 2.5853658536585367 2.0 2.5833333333333335 2.4914285714285715 2.4644549763033177 
3.283333333333333 2.5641025641025643 2.302521008403361 2.2439024390243905 2.217821782178218 2.169230769230769 2.6666666666666665 2.5494505494505493 2.5306122448979593 
3.223021582733813 2.4545454545454546 2.5040650406504064 2.123076923076923 2.2857142857142856 2.4285714285714284 
3.764705882352941 2.4786324786324787 
3.2 2.1785714285714284 
3.04 2.4444444444444446 
3.032967032967033 2.742857142857143 2.272727272727273 2.0 2.6451612903225805 
3.1578947368421053 1.9285714285714286 2.282828282828283 2.909090909090909 2.9859154929577465 2.7346938775510203 2.978723404255319 2.5454545454545454 2.193548387096774 2.2941176470588234 2.122448979591837 
3.125 2.857142857142857 2.72 2.909090909090909 2.6666666666666665 2.5673758865248226 
3.0 
3.096774193548387 2.523076923076923 2.525 2.5892857142857144 2.1971830985915495 2.4150943396226414 2.452054794520548 2.380952380952381 2.4892086330935252 2.909090909090909 2.3658536585365852 2.269503546099291 2.8869565217391306 2.541176470588235 2.689075630252101 2.171875 2.2 2.1621621621621623 2.4161073825503356 
3.3580246913580245 2.278481012658228 2.3846153846153846 2.5714285714285716 2.9195402298850577 2.875 2.5 2.6832298136645965 
3.1153846153846154 2.173228346456693 2.0792079207920793 2.3389830508474576 2.5974025974025974 
3.0714285714285716 2.129032258064516 2.765957446808511 2.9135802469135803 2.4220183486238533 2.6666666666666665 2.5977011494252875 
3.0638297872340425 2.1333333333333333 2.925619834710744 2.8613138686131387 2.5725490196078433 2.2486486486486488 1.346938775510204 2.933333333333333 2.269230769230769 2.6666666666666665 2.3692307692307693 2.5193370165745854 2.2857142857142856 2.2627737226277373 2.7786259541984735 2.2420382165605095 2.436974789915966 2.75177304964539 2.5 2.24 2.6737967914438503 2.6666666666666665 2.8666666666666667 2.2595419847328246 2.4864864864864864 2.230769230769231 2.204081632653061 2.773109243697479 2.912621359223301 2.4363636363636365 2.3496503496503496 2.3736263736263736 
3.2666666666666666 2.467741935483871 
3.272727272727273 2.2857142857142856 2.6436781609195403 2.8529411764705883 2.440677966101695 1.980952380952381 2.2752293577981653 2.5 2.4727272727272727 2.4806201550387597 2.5454545454545454 2.1528662420382165 2.6262626262626263 2.411764705882353 2.3255813953488373 2.588235294117647 2.4242424242424243 2.8979591836734695 2.495049504950495 
3.6 2.619047619047619 2.8656716417910446 2.3421052631578947 2.9285714285714284 2.5217391304347827 
3.240506329113924 2.981818181818182 2.547008547008547 2.3181818181818183 2.3240223463687153 2.4615384615384617 2.5023696682464456 2.3902439024390243 2.8175182481751824 2.909090909090909 2.909090909090909 2.6066350710900474 2.560747663551402 2.533333333333333 2.2666666666666666 2.722689075630252 2.321243523316062 2.2162162162162162 2.742857142857143 2.625 
3.0638297872340425 2.810344827586207 2.376237623762376 
3.5272727272727273 2.588235294117647 2.132596685082873 2.6923076923076925 2.7142857142857144 2.6666666666666665 2.7412587412587412 2.707692307692308 2.6153846153846154 2.6206896551724137 2.2051282051282053 2.2666666666666666 2.4565217391304346 2.2025316455696204 2.7375886524822697 
3.0814814814814815 2.269230769230769 2.9467455621301775 2.6363636363636362 2.831858407079646 2.159090909090909 2.1842105263157894 2.0 
3.2 2.4242424242424243 2.64 2.938775510204082 2.3636363636363638 2.5443037974683542 2.5806451612903225 2.3513513513513513 2.0307692307692307 2.1443298969072164 2.6129032258064515 2.372093023255814 
3.0476190476190474 2.23841059602649 2.71875 
3.0588235294117645 2.5060240963855422 
3.2444444444444445 2.335766423357664 2.5 2.723404255319149 2.5494505494505493 2.3908045977011496 2.6881720430107525 2.6153846153846154 2.2018348623853212 
3.1067961165048543 2.923076923076923 2.2857142857142856 
3.066666666666667 2.418300653594771 2.624 2.1333333333333333 
3.341463414634146 2.56 2.8645161290322583 
3.088235294117647 2.857142857142857 2.1621621621621623 2.4745762711864407 2.2857142857142856 2.1818181818181817 2.3703703703703702 
3.0309278350515463 2.4776119402985075 2.6666666666666665 2.303030303030303 2.8666666666666667 2.3076923076923075 2.5084745762711864 2.411764705882353 2.5172413793103448 2.1636363636363636 2.6666666666666665 2.560846560846561 
3.165644171779141 2.36144578313253 2.6777777777777776 
3.106382978723404 2.576687116564417 2.5714285714285716 
3.240506329113924 2.4615384615384617 2.814814814814815 2.956989247311828 2.6666666666666665 2.556701030927835 2.2857142857142856 2.2857142857142856 2.6666666666666665 
3.0697674418604652 
3.2615384615384615 
3.5121951219512195 2.098360655737705 
3.2 2.6037735849056602 2.5283018867924527 2.909090909090909 2.2535211267605635 2.864864864864865 2.742857142857143 2.823529411764706 2.2241379310344827 2.5301204819277108 2.7945205479452055 2.5168539325842696 
3.0163934426229506 2.851063829787234 
3.272727272727273 2.6666666666666665 2.5376344086021505 2.3378378378378377 2.3092783505154637 2.186335403726708 2.5714285714285716 2.5 2.245614035087719 2.5714285714285716 2.140845070422535 2.321167883211679 2.1538461538461537 2.217821782178218 2.73972602739726 2.2222222222222223 2.473684210526316 2.816901408450704 2.6666666666666665 2.282051282051282 2.9056603773584904 
3.272727272727273 
3.3181818181818183 2.526315789473684 2.808988764044944 2.481012658227848 2.3125 2.135593220338983 2.752688172043011 2.6482758620689655 2.76 2.7906976744186047 2.6358381502890174 2.8933333333333335 
3.1401869158878504 2.6987951807228914 2.25 2.2533333333333334 
3.5 2.6666666666666665 2.7586206896551726 2.4074074074074074 2.2459016393442623 2.593220338983051 2.6666666666666665 1.8991596638655461 2.5095541401273884 2.88 2.4 2.684563758389262 2.323943661971831 2.602409638554217 2.4477611940298507 2.267716535433071 
3.0476190476190474 2.88 2.5396825396825395 2.1870503597122304 2.418300653594771 2.627450980392157 2.9782608695652173 2.661764705882353 2.6482758620689655 2.2528735632183907 2.6620689655172414 1.9295774647887325 2.7669172932330826 2.0 2.5294117647058822 2.6315789473684212 2.6666666666666665 2.4086021505376345 2.188679245283019 2.2905027932960893 2.2153846153846155 2.9220779220779223 2.5242718446601944 
3.2 2.32183908045977 2.208955223880597 2.814814814814815 1.9607843137254901 2.1818181818181817 2.064516129032258 2.3220338983050848 2.4 
3.0238095238095237 2.6010362694300517 2.4615384615384617 2.4444444444444446 2.526315789473684 2.4761904761904763 2.5365853658536586 2.606060606060606 2.327272727272727 2.6779661016949152 
3.4166666666666665 2.1971830985915495 
3.0588235294117645 2.857142857142857 2.4615384615384617 2.4415584415584415 2.2758620689655173 
3.3684210526315788 2.6103896103896105 2.725925925925926 
3.2 2.134453781512605 2.2560975609756095 1.9411764705882353 1.9104477611940298 2.25 2.4615384615384617 2.2988505747126435 2.2346368715083798 2.7393364928909953 2.6666666666666665 2.30188679245283 2.584070796460177 2.64 2.588235294117647 2.6511627906976742 
3.25 2.616279069767442 2.235294117647059 2.563106796116505 2.4367816091954024 
3.142857142857143 2.43859649122807 2.0526315789473686 1.9120879120879122 2.2564102564102564 2.247422680412371 
3.4166666666666665 2.230769230769231 2.9054726368159205 2.0277777777777777 2.9473684210526314 2.962962962962963 2.2184873949579833 
3.5555555555555554 2.8190476190476192 2.9714285714285715 2.341880341880342 2.909090909090909 2.9714285714285715 2.616822429906542 2.262295081967213 2.7755102040816326 2.8444444444444446 2.4285714285714284 2.6666666666666665 2.5 2.2739726027397262 
3.2 2.2635658914728682 2.493827160493827 2.382978723404255 2.2831858407079646 2.7524752475247523 2.4150943396226414 2.1333333333333333 2.5686274509803924 1.28 
3.5555555555555554 2.526315789473684 2.2113821138211383 
3.106382978723404 2.1649484536082473 2.5714285714285716 2.3851851851851853 2.5436893203883497 2.0277777777777777 2.6666666666666665 2.85 2.4910179640718564 2.2857142857142856 2.56 2.810810810810811 2.361581920903955 2.933333333333333 2.2995169082125604 2.484848484848485 2.4615384615384617 2.4285714285714284 2.602409638554217 2.0 2.5359477124183005 
3.0476190476190474 2.4096385542168677 2.6019417475728157 2.654028436018957 2.0168067226890756 2.693877551020408 2.064516129032258 2.410958904109589 
3.1746031746031744 2.4615384615384617 