
3.3454545454545452 2.4390243902439024 
3.111111111111111 2.0 2.888888888888889 2.723404255319149 
3.2 2.5 
3.111111111111111 1.9047619047619047 
3.0153846153846153 2.9166666666666665 
3.0508474576271185 
3.2 2.6666666666666665 2.8 2.6666666666666665 
3.2 
3.4545454545454546 
3.8260869565217392 
3.5294117647058822 2.8333333333333335 
3.586206896551724 2.388888888888889 2.4242424242424243 
3.6923076923076925 
3.0 2.6666666666666665 
3.2452830188679247 
3.6363636363636362 2.4615384615384617 
3.0476190476190474 2.769230769230769 2.488888888888889 2.925373134328358 
3.933333333333333 2.65 2.6666666666666665 2.6666666666666665 
3.234042553191489 
3.5 
3.764705882352941 2.909090909090909 
3.4029850746268657 2.838709677419355 
3.52 2.6666666666666665 
3.076923076923077 2.242424242424242 
3.3142857142857145 
3.0697674418604652 2.7096774193548385 
3.5789473684210527 1.8823529411764706 2.909090909090909 
3.28 2.693877551020408 
3.0588235294117645 
3.0 2.967741935483871 2.707692307692308 2.193548387096774 2.5098039215686274 
3.1020408163265305 
3.675675675675676 
3.764705882352941 
3.25 2.0 2.8421052631578947 2.4285714285714284 
3.2 2.9714285714285715 
3.142857142857143 2.88 2.3529411764705883 
3.0 
3.6363636363636362 2.2325581395348837 
3.3333333333333335 2.4 
3.1020408163265305 
3.5555555555555554 
3.2 
3.2 2.6451612903225805 2.72 2.938775510204082 
4.0 
3.017543859649123 
3.3548387096774195 2.0 
3.75 
3.272727272727273 
3.5555555555555554 2.5833333333333335 
3.2 
3.4285714285714284 2.2666666666666666 2.926829268292683 2.6666666666666665 2.857142857142857 2.5806451612903225 
3.3488372093023258 
3.076923076923077 
3.2 2.9019607843137254 
3.6470588235294117 2.260869565217391 2.1714285714285713 
3.272727272727273 
3.4285714285714284 
3.2941176470588234 2.8771929824561404 
3.5555555555555554 
3.0144927536231885 
4.0 
3.4782608695652173 
3.04 
3.6363636363636362 
3.4285714285714284 
3.3684210526315788 
3.764705882352941 2.0 
3.5789473684210527 2.857142857142857 2.9714285714285715 
3.3548387096774195 2.5641025641025643 2.7755102040816326 
3.3333333333333335 
3.764705882352941 2.909090909090909 2.9767441860465116 2.8275862068965516 
3.4545454545454546 
3.3333333333333335 
3.2195121951219514 2.6666666666666665 
3.764705882352941 
3.3333333333333335 
3.2941176470588234 
3.161290322580645 
3.764705882352941 
3.027027027027027 
3.7142857142857144 2.909090909090909 
3.9411764705882355 
3.234042553191489 
3.0123456790123457 2.5454545454545454 2.830769230769231 
3.116883116883117 
3.25 
3.764705882352941 
3.764705882352941 2.9696969696969697 2.857142857142857 2.4 
3.5294117647058822 2.6285714285714286 2.933333333333333 
3.3333333333333335 2.816901408450704 2.8275862068965516 
3.52 
3.0526315789473686 2.967741935483871 
3.234042553191489 
3.0 
3.4430379746835444 
3.0943396226415096 2.5185185185185186 2.75 2.6666666666666665 
3.103448275862069 2.6666666666666665 
3.0 2.2564102564102564 
3.6129032258064515 
3.2941176470588234 
3.1272727272727274 2.9473684210526314 2.857142857142857 
3.5 
3.3962264150943398 2.731707317073171 
3.0638297872340425 
3.3333333333333335 
4.0 2.8181818181818183 
3.1578947368421053 
3.2 
3.272727272727273 
4.170212765957447 
3.0 2.526315789473684 
3.3513513513513513 2.823529411764706 
3.764705882352941 
3.3684210526315788 2.3859649122807016 2.6666666666666665 
3.0 2.7450980392156863 2.933333333333333 1.7142857142857142 2.816901408450704 2.981818181818182 2.6666666666666665 
3.4482758620689653 
3.0714285714285716 
3.6444444444444444 2.588235294117647 
3.764705882352941 2.5098039215686274 
3.2 
3.5675675675675675 
3.3333333333333335 
3.2 2.2295081967213113 
3.128205128205128 2.6857142857142855 
3.5555555555555554 
3.75 2.5555555555555554 
3.076923076923077 2.978723404255319 
3.282051282051282 2.305084745762712 2.888888888888889 
3.4054054054054053 
3.1578947368421053 2.5454545454545454 
3.5 
3.3076923076923075 2.5185185185185186 2.983050847457627 2.2545454545454544 2.896551724137931 
3.225806451612903 
3.2 2.7636363636363637 2.6153846153846154 
4.097560975609756 
3.5555555555555554 2.25 2.933333333333333 
3.4074074074074074 
3.3333333333333335 
3.111111111111111 2.731707317073171 
3.4782608695652173 
3.5348837209302326 2.740740740740741 
3.1746031746031744 
3.764705882352941 2.2337662337662336 2.9879518072289155 
3.2 
3.4754098360655736 2.909090909090909 
3.5555555555555554 2.0 2.8333333333333335 2.823529411764706 
3.111111111111111 2.8 2.88 2.3157894736842106 
3.764705882352941 
3.411764705882353 2.909090909090909 
3.5 
3.675675675675676 
3.2941176470588234 
3.4 2.5762711864406778 
3.466666666666667 
3.0 
3.5555555555555554 
3.3684210526315788 
3.4444444444444446 2.2857142857142856 
3.5555555555555554 2.814814814814815 2.6440677966101696 
3.3015873015873014 
3.5555555555555554 
3.5238095238095237 
3.076923076923077 
3.018867924528302 
3.4166666666666665 2.358974358974359 
3.1627906976744184 2.7936507936507935 2.4126984126984126 2.857142857142857 
3.0 2.967741935483871 2.8771929824561404 2.938775510204082 
3.2 
3.090909090909091 
3.588235294117647 
3.436619718309859 2.588235294117647 2.56 2.4 
3.4285714285714284 2.4 
3.0422535211267605 2.7027027027027026 
3.6129032258064515 
3.764705882352941 2.9176470588235293 2.857142857142857 
3.4782608695652173 
3.0588235294117645 
3.2 
3.2542372881355934 2.731707317073171 2.893617021276596 2.090909090909091 
3.675675675675676 
3.2432432432432434 
3.111111111111111 2.909090909090909 2.9411764705882355 
3.6363636363636362 2.5833333333333335 2.7755102040816326 
4.16 2.6666666666666665 
3.5555555555555554 2.0 
3.5555555555555554 
3.1666666666666665 
3.3333333333333335 
3.234042553191489 2.6666666666666665 2.5806451612903225 2.8444444444444446 
3.0588235294117645 
3.111111111111111 2.857142857142857 
3.282051282051282 
3.764705882352941 
3.450980392156863 
3.5714285714285716 
4.0 
3.278688524590164 2.967741935483871 
3.0 
3.272727272727273 2.4615384615384617 2.7636363636363637 2.176470588235294 2.823529411764706 2.6885245901639343 
3.3043478260869565 2.769230769230769 2.933333333333333 
3.675675675675676 2.311111111111111 2.782608695652174 2.1052631578947367 
3.090909090909091 2.0 
3.2 
3.111111111111111 2.375 
3.2432432432432434 2.707692307692308 
3.1372549019607843 
3.148936170212766 
3.2 
3.657142857142857 2.5714285714285716 
3.4545454545454546 
3.4594594594594597 1.826086956521739 2.810810810810811 
4.0 2.8461538461538463 
3.076923076923077 2.5531914893617023 
3.2 2.4 
3.2 
3.090909090909091 2.769230769230769 
3.5918367346938775 
3.0476190476190474 2.792452830188679 2.588235294117647 1.8823529411764706 
3.3684210526315788 
3.310344827586207 2.6666666666666665 
5.2631578947368425 2.888888888888889 2.962962962962963 
3.6 2.6206896551724137 
3.5555555555555554 
3.466666666666667 2.0 
3.813953488372093 2.962962962962963 
3.142857142857143 2.8181818181818183 2.2857142857142856 
3.5121951219512195 2.5806451612903225 2.6031746031746033 
3.365079365079365 
3.1794871794871793 
3.4285714285714284 2.6666666666666665 2.4615384615384617 
3.4857142857142858 
3.272727272727273 
3.6842105263157894 
3.52 
3.2195121951219514 1.9636363636363636 2.456140350877193 2.6666666666666665 2.064516129032258 
4.068965517241379 2.7586206896551726 2.8333333333333335 2.736842105263158 2.5762711864406778 2.8461538461538463 
3.5555555555555554 
3.5 2.704225352112676 2.642857142857143 
3.411764705882353 2.857142857142857 
3.6923076923076925 2.2857142857142856 
3.185185185185185 2.4 2.769230769230769 
3.737704918032787 
3.6363636363636362 2.962962962962963 
3.6923076923076925 
3.3043478260869565 
3.4166666666666665 2.769230769230769 
3.2222222222222223 2.88 
3.142857142857143 
4.0 
3.4838709677419355 
3.12 
3.176470588235294 
3.5555555555555554 
3.4893617021276597 2.2857142857142856 2.3333333333333335 
3.5294117647058822 
3.3157894736842106 
3.024390243902439 2.823529411764706 2.909090909090909 2.962962962962963 
3.111111111111111 2.76056338028169 
3.2 
3.017543859649123 
3.0833333333333335 
3.2 2.0 
3.142857142857143 
3.0526315789473686 2.819672131147541 1.7857142857142858 
3.3714285714285714 
3.5555555555555554 
3.3793103448275863 2.0 
3.2 2.4166666666666665 2.0 2.4 2.938775510204082 
3.183673469387755 1.9393939393939394 
3.7333333333333334 2.2857142857142856 2.814814814814815 
3.8 2.857142857142857 2.4864864864864864 2.903225806451613 
3.7837837837837838 
3.235955056179775 2.5384615384615383 
3.5555555555555554 
3.3333333333333335 2.5217391304347827 2.8 
3.764705882352941 
3.2142857142857144 2.875 
3.2238805970149254 
3.1333333333333333 2.0 
3.4782608695652173 2.909090909090909 
3.225806451612903 
3.4 2.6666666666666665 2.5 
3.2 
3.25 
3.764705882352941 
3.574468085106383 
3.7333333333333334 2.731707317073171 2.8493150684931505 
3.096774193548387 
4.0 2.0 2.3448275862068964 
3.2 2.2222222222222223 2.1818181818181817 
3.7209302325581395 
3.0303030303030303 
3.2888888888888888 
3.3684210526315788 
3.6 
3.5555555555555554 
3.4285714285714284 
3.2941176470588234 
3.466666666666667 
3.2941176470588234 
3.142857142857143 
3.310344827586207 2.985074626865672 2.7142857142857144 2.3636363636363638 
3.3333333333333335 2.2666666666666666 
3.0 2.8666666666666667 
3.2432432432432434 2.6031746031746033 2.871794871794872 2.8181818181818183 2.8333333333333335 2.807017543859649 
3.5555555555555554 2.893617021276596 
3.2 
3.272727272727273 
3.3333333333333335 2.2857142857142856 
3.1818181818181817 2.4150943396226414 2.6666666666666665 
3.5555555555555554 
3.066666666666667 2.962962962962963 
3.087719298245614 
3.1724137931034484 
3.3066666666666666 2.869565217391304 
3.0588235294117645 
3.087719298245614 
3.230769230769231 
3.515151515151515 
3.3333333333333335 
3.2 2.871794871794872 
3.764705882352941 
3.6129032258064515 
3.0136986301369864 
3.3333333333333335 
3.5555555555555554 
3.076923076923077 2.823529411764706 
3.5555555555555554 2.0 2.4761904761904763 2.6666666666666665 
3.6923076923076925 2.4 2.6666666666666665 2.942528735632184 2.6 2.1818181818181817 2.074074074074074 2.693877551020408 
3.4285714285714284 2.5 
3.0588235294117645 2.8363636363636364 2.5217391304347827 2.8363636363636364 2.625 2.857142857142857 
3.3548387096774195 2.9473684210526314 
3.0943396226415096 2.6382978723404253 
3.12 
3.5121951219512195 2.0 
3.6923076923076925 2.08 2.3636363636363638 
3.3684210526315788 
3.0 
3.0588235294117645 
3.1666666666666665 2.943396226415094 
3.2 
3.310344827586207 
3.2 
3.6129032258064515 2.9743589743589745 
3.36 
3.5555555555555554 
3.2 2.375 2.4680851063829787 2.838709677419355 2.206896551724138 
3.4285714285714284 
3.6 2.488888888888889 2.869565217391304 2.0 2.25 
3.515151515151515 
3.789473684210526 
3.764705882352941 
3.2 
3.5454545454545454 
3.8181818181818183 2.96 
3.2 2.098360655737705 
3.675675675675676 
3.6923076923076925 
3.25 2.909090909090909 2.0 2.6666666666666665 
3.8 
3.3636363636363638 2.7777777777777777 2.88 
3.5789473684210527 2.72 
3.3043478260869565 
3.076923076923077 
3.466666666666667 
3.7209302325581395 
3.0833333333333335 
3.3454545454545452 
3.0588235294117645 2.588235294117647 2.893617021276596 2.810810810810811 
3.0 
3.5692307692307694 2.984126984126984 2.2857142857142856 2.2 
3.1219512195121952 2.3076923076923075 
3.142857142857143 
3.130434782608696 
3.4754098360655736 
3.255813953488372 
3.111111111111111 
3.235294117647059 
4.0 
3.076923076923077 
3.066666666666667 2.8444444444444446 2.857142857142857 
3.3454545454545452 2.3157894736842106 
3.2 
3.764705882352941 
3.4285714285714284 2.5454545454545454 
3.037037037037037 2.9565217391304346 2.6666666666666665 2.0 2.2465753424657535 2.1333333333333333 
3.017543859649123 2.0 2.5 
3.1746031746031744 
3.5555555555555554 
3.0 2.3448275862068964 2.303030303030303 2.8 2.2439024390243905 
3.017543859649123 1.9130434782608696 
3.2222222222222223 
3.3684210526315788 
3.1627906976744184 2.6666666666666665 
3.2 
3.4444444444444446 
3.5384615384615383 2.4615384615384617 
3.0545454545454547 
3.0153846153846153 
3.096774193548387 2.0 2.8333333333333335 2.693877551020408 
3.0 
3.515151515151515 
3.0344827586206895 
3.111111111111111 
3.6 2.871794871794872 2.6666666666666665 
3.2653061224489797 
3.2 2.693877551020408 
3.515151515151515 
3.282051282051282 
3.3 2.891566265060241 2.6666666666666665 
3.4285714285714284 
3.0714285714285716 
4.461538461538462 
3.2941176470588234 
3.764705882352941 
3.076923076923077 2.6153846153846154 
3.142857142857143 
3.2 
3.4545454545454546 
4.0 2.896551724137931 
3.111111111111111 
3.0303030303030303 
3.5555555555555554 
3.4782608695652173 
3.343283582089552 
3.4146341463414633 
3.111111111111111 
3.0 
3.764705882352941 2.7169811320754715 
3.4545454545454546 2.56 2.6666666666666665 2.0952380952380953 
3.3333333333333335 2.541176470588235 
3.6363636363636362 2.857142857142857 
3.272727272727273 
3.6363636363636362 
3.0 2.1818181818181817 2.8085106382978724 2.6923076923076925 2.8764044943820224 
3.096774193548387 
3.0 
4.7272727272727275 2.6666666666666665 
3.4782608695652173 
3.0 
3.6923076923076925 2.56 2.6666666666666665 
3.764705882352941 2.8823529411764706 2.054054054054054 
3.096774193548387 
3.5555555555555554 
3.764705882352941 2.986666666666667 
3.0943396226415096 
3.1044776119402986 
3.393939393939394 2.736842105263158 
3.2653061224489797 2.5714285714285716 2.792452830188679 
3.8181818181818183 
3.3191489361702127 
3.420289855072464 2.967741935483871 
3.2941176470588234 
3.764705882352941 
3.411764705882353 
3.5789473684210527 2.6666666666666665 
3.3015873015873014 
3.3548387096774195 2.9411764705882355 
3.2941176470588234 2.4444444444444446 
3.5555555555555554 2.9714285714285715 
3.5121951219512195 
3.6 
3.217391304347826 
3.1044776119402986 2.210526315789474 
5.0 2.8085106382978724 2.2857142857142856 
3.238095238095238 2.4242424242424243 
3.2432432432432434 2.888888888888889 
3.5 
3.5555555555555554 
3.36 
3.7777777777777777 2.5454545454545454 
3.2 
3.6097560975609757 2.933333333333333 2.1739130434782608 2.888888888888889 2.6666666666666665 
3.5121951219512195 
3.5555555555555554 2.6666666666666665 2.380952380952381 
3.1578947368421053 
4.0 2.5142857142857142 
3.24 2.0 2.9615384615384617 
3.3333333333333335 2.4727272727272727 
3.3333333333333335 2.909090909090909 
3.0 2.823529411764706 
3.2 
3.3157894736842106 
3.1724137931034484 
3.2 
3.135135135135135 2.857142857142857 2.4680851063829787 
3.0 2.440677966101695 
3.789473684210526 2.88 2.6666666666666665 
3.5384615384615383 2.8461538461538463 
3.090909090909091 
3.255813953488372 
3.5555555555555554 2.6666666666666665 2.7058823529411766 2.4827586206896552 2.4 2.3636363636363638 
3.5555555555555554 
3.586206896551724 
3.272727272727273 
3.027027027027027 
3.0476190476190474 2.857142857142857 
3.4838709677419355 2.6666666666666665 2.380952380952381 2.978723404255319 2.5396825396825395 2.0 
3.36 2.4516129032258065 
3.36 
3.4909090909090907 
3.1538461538461537 
3.25 2.5 
3.111111111111111 2.0 
3.1272727272727274 
3.1794871794871793 2.8363636363636364 
3.25 
3.3972602739726026 
3.076923076923077 
3.0588235294117645 
3.2941176470588234 
3.272727272727273 2.9411764705882355 2.5 
3.9298245614035086 
3.6721311475409837 
3.4838709677419355 
3.1707317073170733 2.7857142857142856 
3.125 
3.2 2.6666666666666665 
3.096774193548387 
4.705882352941177 
3.087719298245614 2.814814814814815 
3.2195121951219514 
3.2 2.5185185185185186 
3.135135135135135 2.0444444444444443 
3.6129032258064515 
3.142857142857143 2.8085106382978724 
3.8666666666666667 
3.4545454545454546 
3.7 2.7755102040816326 2.857142857142857 2.847457627118644 
3.259259259259259 2.857142857142857 
3.142857142857143 2.823529411764706 2.0 2.3448275862068964 2.769230769230769 
3.3684210526315788 2.909090909090909 
3.3636363636363638 
3.3333333333333335 2.4545454545454546 
3.1515151515151514 2.73972602739726 
3.1666666666666665 2.4285714285714284 
3.764705882352941 
3.3846153846153846 
3.238095238095238 
3.2 
3.1666666666666665 
3.5555555555555554 
3.7333333333333334 
4.258064516129032 2.3783783783783785 
3.238095238095238 2.9166666666666665 
3.764705882352941 
3.1724137931034484 
3.3548387096774195 
3.272727272727273 2.4347826086956523 2.1666666666666665 2.88 2.7027027027027026 
3.3488372093023258 
3.372549019607843 2.75 2.888888888888889 1.7560975609756098 
3.43859649122807 2.4444444444444446 2.888888888888889 
3.3684210526315788 2.6666666666666665 2.893617021276596 2.526315789473684 2.823529411764706 2.923076923076923 
3.0 2.4 
3.3043478260869565 2.036363636363636 2.823529411764706 
3.4285714285714284 2.6285714285714286 2.88 2.0 2.6666666666666665 
3.168831168831169 2.488888888888889 
3.36 
3.0 
3.6363636363636362 
3.764705882352941 2.736842105263158 2.9473684210526314 
3.2 2.8666666666666667 
3.283582089552239 
3.0434782608695654 
3.5675675675675675 
3.0 
3.6129032258064515 2.235294117647059 2.7222222222222223 2.0606060606060606 
3.5 2.6666666666666665 
4.0 2.986666666666667 2.875 
3.087719298245614 
3.1627906976744184 
3.2 2.7333333333333334 
3.25 2.6666666666666665 
3.087719298245614 
3.7209302325581395 2.736842105263158 
3.764705882352941 2.6666666666666665 2.5806451612903225 
3.5714285714285716 
3.0833333333333335 2.0 
3.764705882352941 
3.238095238095238 
3.4285714285714284 2.909090909090909 2.3529411764705883 2.8771929824561404 2.909090909090909 2.5660377358490565 
3.0588235294117645 2.0 
3.0 
3.169811320754717 
3.5555555555555554 2.6122448979591835 2.4 
3.3714285714285714 2.9473684210526314 
3.7142857142857144 1.7894736842105263 
3.090909090909091 
3.764705882352941 
3.4782608695652173 
3.508771929824561 
3.5555555555555554 
3.0526315789473686 
3.3548387096774195 
3.076923076923077 2.9166666666666665 2.5641025641025643 2.740740740740741 2.782608695652174 2.72 
3.018867924528302 
3.5555555555555554 2.4 
3.5555555555555554 
3.2 
3.111111111111111 
3.5121951219512195 
3.574468085106383 
3.240506329113924 2.0 
3.5714285714285716 
3.3846153846153846 
3.5 2.6666666666666665 2.4761904761904763 2.6031746031746033 2.0 2.6666666666666665 
3.619047619047619 
3.142857142857143 2.9743589743589745 
3.58974358974359 2.8275862068965516 
3.515151515151515 
3.3684210526315788 2.2857142857142856 2.6666666666666665 2.5 
3.5833333333333335 2.896551724137931 
3.3684210526315788 2.787878787878788 
3.0 2.5454545454545454 
3.230769230769231 
3.2 
3.5616438356164384 
3.4 
3.5555555555555554 2.707692307692308 
3.2 2.260869565217391 2.8732394366197185 2.72 
3.2 
3.28 2.413793103448276 
3.5294117647058822 2.6666666666666665 
3.4074074074074074 2.8823529411764706 
3.3684210526315788 2.4 
3.3333333333333335 2.1818181818181817 
3.018867924528302 
3.764705882352941 
3.3142857142857145 
3.0 
3.7857142857142856 2.823529411764706 
3.3333333333333335 2.36734693877551 
3.076923076923077 
3.076923076923077 
3.04 
3.710144927536232 2.5084745762711864 
3.111111111111111 2.9019607843137254 2.36734693877551 
3.675675675675676 2.6153846153846154 2.787878787878788 2.0 
3.230769230769231 2.272727272727273 2.72 
3.255813953488372 2.48 2.96 
3.1549295774647885 
3.259259259259259 
3.764705882352941 
3.2280701754385963 
3.3333333333333335 2.6666666666666665 2.938775510204082 
3.586206896551724 
3.4594594594594597 
3.2941176470588234 
3.4871794871794872 2.6666666666666665 
3.1578947368421053 
3.1578947368421053 2.3902439024390243 
3.4166666666666665 2.88 
3.619047619047619 2.6666666666666665 1.826086956521739 
3.2 
3.282051282051282 
3.3488372093023258 2.9473684210526314 
3.764705882352941 2.736842105263158 
3.0 2.413793103448276 2.6666666666666665 
3.142857142857143 
3.090909090909091 
3.3333333333333335 
3.2 2.2857142857142856 2.0 2.0 2.375 
3.3 
3.130434782608696 2.4827586206896552 
3.272727272727273 2.823529411764706 
3.3529411764705883 
3.6923076923076925 1.917808219178082 
3.5555555555555554 
3.6 2.9411764705882355 2.742857142857143 1.6 
3.310344827586207 2.925373134328358 
3.111111111111111 
3.5555555555555554 2.727272727272727 
3.5294117647058822 
3.25 2.9 2.0 
3.0526315789473686 
3.272727272727273 2.6885245901639343 2.7540983606557377 
3.142857142857143 2.4615384615384617 
3.217391304347826 2.7169811320754715 
3.5789473684210527 
3.36 
3.087719298245614 
3.272727272727273 2.356164383561644 2.0 2.9444444444444446 2.5454545454545454 2.6666666666666665 2.769230769230769 2.857142857142857 
3.1627906976744184 2.622950819672131 
3.5555555555555554 2.6666666666666665 
3.764705882352941 2.814814814814815 
3.2 2.782608695652174 2.787878787878788 
3.58974358974359 2.533333333333333 
3.466666666666667 2.8852459016393444 2.875 2.6666666666666665 
3.2 2.3636363636363638 
3.2 
3.2542372881355934 
3.2 2.5365853658536586 2.9473684210526314 2.4 2.736842105263158 
3.2 
3.3333333333333335 2.761904761904762 2.9473684210526314 
3.272727272727273 
3.657142857142857 
3.3454545454545452 2.6666666666666665 2.8 
3.0588235294117645 
3.4285714285714284 
3.4074074074074074 2.9285714285714284 1.894736842105263 
3.4838709677419355 2.484848484848485 2.7096774193548385 2.9019607843137254 
3.090909090909091 
3.2653061224489797 2.933333333333333 
3.6491228070175437 
3.272727272727273 2.9767441860465116 
3.0 2.909090909090909 2.4262295081967213 2.5 2.8 2.8421052631578947 
3.1875 2.4864864864864864 2.588235294117647 
3.4285714285714284 
3.3846153846153846 
3.2941176470588234 
3.3333333333333335 
3.6363636363636362 
3.3230769230769233 
3.282051282051282 
3.4 
3.0476190476190474 2.88 
3.5789473684210527 
3.4285714285714284 
3.3846153846153846 
3.169811320754717 
3.6923076923076925 2.6133333333333333 2.888888888888889 
3.4285714285714284 2.857142857142857 2.727272727272727 
3.3962264150943398 
3.6923076923076925 2.774193548387097 2.875 2.56 
3.870967741935484 1.6 2.646153846153846 
3.6 2.981818181818182 
3.5789473684210527 1.8823529411764706 2.7096774193548385 
3.0 2.4918032786885247 2.4615384615384617 
3.4716981132075473 2.926829268292683 2.5 2.2857142857142856 
3.466666666666667 2.857142857142857 
3.764705882352941 
3.7241379310344827 2.3703703703703702 
3.018867924528302 2.0 2.73972602739726 2.4242424242424243 
3.2 
3.657142857142857 
3.5121951219512195 2.1333333333333333 2.6666666666666665 
3.0 
3.2 
3.2280701754385963 
3.727272727272727 
3.3043478260869565 
3.5555555555555554 
3.310344827586207 1.951219512195122 
3.2 
3.12 2.6122448979591835 2.8666666666666667 
3.2 
3.2 
4.072727272727272 
3.764705882352941 2.0 
3.1020408163265305 2.5 
3.5555555555555554 2.787878787878788 2.550724637681159 
3.6363636363636362 2.0 2.6666666666666665 
3.130434782608696 2.857142857142857 2.909090909090909 
3.0638297872340425 
4.0 2.8 2.819672131147541 
3.076923076923077 
3.4285714285714284 2.792452830188679 
3.272727272727273 
3.176470588235294 
3.6923076923076925 2.1714285714285713 
3.2 2.697674418604651 
3.5 2.4 
3.586206896551724 2.961038961038961 
3.0 
3.272727272727273 
3.0 2.9714285714285715 
3.5555555555555554 
3.3684210526315788 
3.25 2.6666666666666665 
3.0 
3.3488372093023258 
3.287671232876712 
3.0545454545454547 2.8333333333333335 
3.111111111111111 2.380952380952381 
3.2941176470588234 
3.0 2.56 2.6666666666666665 
3.0 
3.111111111111111 2.88 
3.6923076923076925 
3.1578947368421053 
3.3846153846153846 2.923076923076923 2.5714285714285716 
3.3333333333333335 
3.2888888888888888 2.5714285714285716 
3.5789473684210527 2.9166666666666665 2.782608695652174 
3.5555555555555554 
3.148936170212766 2.0 2.9176470588235293 
3.0 2.75 2.774193548387097 2.8333333333333335 2.9565217391304346 2.9655172413793105 
3.0 
3.466666666666667 2.731707317073171 
3.5789473684210527 
3.8 2.857142857142857 
3.764705882352941 2.375 2.909090909090909 2.981818181818182 2.0952380952380953 
3.0123456790123457 
3.125 
3.4074074074074074 
3.2 
3.5555555555555554 
3.230769230769231 
3.3684210526315788 2.4 2.962962962962963 
3.1219512195121952 
3.225806451612903 2.857142857142857 2.3466666666666667 
3.5555555555555554 
3.2 
3.466666666666667 
3.3333333333333335 
3.5384615384615383 2.4 2.6666666666666665 
3.1219512195121952 
4.705882352941177 
3.375 
3.076923076923077 
3.3972602739726026 2.4444444444444446 
3.2 2.933333333333333 2.7586206896551726 2.13953488372093 2.5 
3.2 
3.5555555555555554 
3.5348837209302326 2.9523809523809526 2.6451612903225805 
4.0 2.838709677419355 
3.085714285714286 2.76056338028169 2.823529411764706 2.608695652173913 
3.6 
3.6923076923076925 2.3333333333333335 2.4680851063829787 
3.6266666666666665 
3.0 2.5714285714285716 
3.272727272727273 
3.4782608695652173 
3.2280701754385963 
3.1746031746031744 
3.1666666666666665 
3.0 
3.130434782608696 2.933333333333333 
3.3043478260869565 2.75 
3.5714285714285716 
3.3333333333333335 2.857142857142857 
3.5555555555555554 2.6 2.4444444444444446 2.6133333333333333 
3.3548387096774195 2.3703703703703702 1.7391304347826086 
3.3333333333333335 
3.2 
3.0434782608695654 2.8421052631578947 2.4313725490196076 
3.5555555555555554 2.989010989010989 2.526315789473684 
3.142857142857143 
3.0 2.6 
3.764705882352941 2.6666666666666665 
3.125 2.4 
3.9047619047619047 2.7755102040816326 2.588235294117647 
3.238095238095238 1.951219512195122 
3.5555555555555554 
3.3207547169811322 2.6 
3.1384615384615384 
3.1666666666666665 
3.130434782608696 
3.130434782608696 
3.5555555555555554 
3.2 2.4761904761904763 
3.142857142857143 2.4 2.909090909090909 
3.022222222222222 
3.3333333333333335 
3.4285714285714284 
3.6 
3.234042553191489 
3.764705882352941 
3.130434782608696 
3.375 2.72 
3.5555555555555554 2.0 2.6153846153846154 
3.076923076923077 
3.2 
3.7818181818181817 
3.0303030303030303 2.893617021276596 
3.5555555555555554 
3.3333333333333335 
3.044776119402985 2.523076923076923 
3.0588235294117645 2.4126984126984126 2.6666666666666665 
3.1333333333333333 2.857142857142857 2.857142857142857 
3.3333333333333335 2.2295081967213113 
3.764705882352941 2.7169811320754715 2.1538461538461537 2.925373134328358 
3.189189189189189 
3.3333333333333335 
3.764705882352941 
3.6923076923076925 
3.0 2.56 2.6666666666666665 
3.7209302325581395 2.697674418604651 
3.0 2.057142857142857 2.6666666666666665 2.0 2.5 
3.1475409836065573 2.0 
3.5555555555555554 
3.076923076923077 
3.076923076923077 
3.3043478260869565 
3.450980392156863 2.888888888888889 
3.4210526315789473 
3.4285714285714284 
3.6296296296296298 
3.6666666666666665 2.5714285714285716 
3.526315789473684 2.830769230769231 
3.8518518518518516 
4.064516129032258 
3.5324675324675323 
3.1372549019607843 
3.5348837209302326 
3.5789473684210527 
3.2 2.814814814814815 
3.6551724137931036 
3.3442622950819674 
3.5555555555555554 2.6122448979591835 
3.3333333333333335 
3.017543859649123 
3.4814814814814814 2.5454545454545454 
3.1794871794871793 
3.0588235294117645 2.6666666666666665 
3.4893617021276597 
3.8095238095238093 2.6666666666666665 2.9714285714285715 
3.4545454545454546 
3.6 
3.282051282051282 2.4444444444444446 
3.764705882352941 
3.466666666666667 
3.3333333333333335 
3.1724137931034484 2.823529411764706 
3.4285714285714284 2.6451612903225805 
3.2 2.8333333333333335 
3.0 
3.2432432432432434 
3.6363636363636362 
3.3333333333333335 
3.4074074074074074 
3.2 
3.69811320754717 
3.272727272727273 2.193548387096774 
3.0 
3.6610169491525424 
3.2 
3.310344827586207 
3.3220338983050848 
3.272727272727273 
3.3846153846153846 2.0 
3.111111111111111 
3.0 
3.5 2.8125 
3.017543859649123 2.8 2.7777777777777777 
3.764705882352941 2.5833333333333335 
3.4444444444444446 
3.652173913043478 2.4444444444444446 
3.466666666666667 
3.1538461538461537 2.711864406779661 1.6 
3.1666666666666665 
3.4285714285714284 2.4 2.88 
3.2 
3.3207547169811322 2.8 
3.2413793103448274 
3.130434782608696 2.8059701492537314 2.8405797101449277 2.847457627118644 
3.3548387096774195 
3.404255319148936 
3.0697674418604652 2.967741935483871 
3.375 2.736842105263158 2.6666666666666665 
3.6923076923076925 
3.0526315789473686 2.490566037735849 
3.267605633802817 
3.3333333333333335 2.5517241379310347 2.456140350877193 
3.2941176470588234 2.857142857142857 2.857142857142857 
3.588235294117647 
3.466666666666667 2.4444444444444446 2.814814814814815 2.9473684210526314 
3.185185185185185 
3.1666666666666665 
3.466666666666667 2.3255813953488373 2.6666666666666665 2.3529411764705883 2.926829268292683 2.1176470588235294 2.6666666666666665 2.857142857142857 2.5098039215686274 
3.0 2.2222222222222223 2.3157894736842106 2.769230769230769 
3.0588235294117645 
3.0 
3.4285714285714284 
3.130434782608696 2.5555555555555554 
3.130434782608696 
3.5555555555555554 
3.2 2.980392156862745 2.6666666666666665 
3.764705882352941 
4.0 
3.5348837209302326 
3.2903225806451615 
3.5555555555555554 2.2535211267605635 
3.2 2.625 
3.764705882352941 
3.5789473684210527 2.736842105263158 
3.0476190476190474 2.6666666666666665 2.5964912280701755 2.723404255319149 
3.142857142857143 2.6666666666666665 2.909090909090909 2.823529411764706 2.761904761904762 1.8604651162790697 
3.657142857142857 2.4615384615384617 2.4444444444444446 2.3333333333333335 2.9565217391304346 
3.076923076923077 
3.3548387096774195 
3.6363636363636362 2.0 
3.130434782608696 2.6666666666666665 2.5714285714285716 2.810810810810811 2.6666666666666665 
3.391304347826087 
3.0 
3.4 
3.4375 
3.466666666666667 
3.1363636363636362 
3.764705882352941 2.909090909090909 
3.7142857142857144 2.9565217391304346 
3.310344827586207 
3.1578947368421053 
3.3333333333333335 
3.508771929824561 2.7777777777777777 2.4444444444444446 2.857142857142857 
3.3684210526315788 
3.1578947368421053 
3.4594594594594597 
3.764705882352941 
3.3043478260869565 
3.1044776119402986 
3.4285714285714284 2.4489795918367347 
3.1052631578947367 2.869565217391304 
3.764705882352941 
3.1020408163265305 2.4571428571428573 2.3157894736842106 2.6153846153846154 
3.36 2.5555555555555554 2.981818181818182 2.327272727272727 
3.4285714285714284 2.6666666666666665 
3.2 
3.657142857142857 2.4 
3.0 
3.142857142857143 
3.5555555555555554 2.4 2.9767441860465116 
3.2 
3.642857142857143 
3.6129032258064515 2.72 
3.3333333333333335 2.769230769230769 2.6 2.7555555555555555 2.6666666666666665 2.230769230769231 
3.4782608695652173 
3.230769230769231 2.9696969696969697 
3.6923076923076925 
3.0943396226415096 
3.04 
3.096774193548387 
4.666666666666667 
3.225806451612903 
3.2 
3.238095238095238 2.7586206896551726 
3.4285714285714284 
3.6923076923076925 
3.3684210526315788 2.5454545454545454 2.4516129032258065 
3.282051282051282 
3.6 
3.272727272727273 
3.3333333333333335 
3.586206896551724 
3.510204081632653 
3.6923076923076925 2.9696969696969697 2.933333333333333 
3.8666666666666667 
3.3333333333333335 
3.076923076923077 2.4 2.6315789473684212 2.787878787878788 2.7142857142857144 
3.230769230769231 
3.5555555555555554 2.588235294117647 2.4 2.7450980392156863 2.4390243902439024 
3.0 2.96 
3.090909090909091 
3.5555555555555554 
3.1666666666666665 2.4918032786885247 
3.3333333333333335 
3.8260869565217392 
3.3513513513513513 2.6666666666666665 2.978723404255319 2.526315789473684 2.046511627906977 
3.096774193548387 2.652173913043478 
3.2 
3.2941176470588234 
3.4074074074074074 
3.764705882352941 2.1052631578947367 
3.5555555555555554 2.4761904761904763 
3.5918367346938775 
3.8 
3.3015873015873014 
3.2 
3.0 
3.103448275862069 2.73972602739726 2.8947368421052633 
3.076923076923077 
3.450980392156863 
3.25 2.8085106382978724 2.5762711864406778 2.2857142857142856 
3.764705882352941 
3.5555555555555554 
3.4285714285714284 
3.0943396226415096 2.8 2.8 
3.5 2.0 2.807017543859649 
3.5555555555555554 2.736842105263158 
3.0697674418604652 2.869565217391304 
3.436619718309859 
3.3333333333333335 2.6666666666666665 2.4477611940298507 2.4 2.5806451612903225 2.8333333333333335 2.75 
3.272727272727273 
3.540983606557377 
3.076923076923077 
3.090909090909091 
3.6923076923076925 
3.5555555555555554 
3.2911392405063293 
3.1219512195121952 
3.169811320754717 
3.1724137931034484 
4.1 2.810810810810811 2.2 
3.3333333333333335 
3.5555555555555554 2.693877551020408 2.3703703703703702 
3.5 
3.2666666666666666 1.945945945945946 2.5964912280701755 2.2857142857142856 
3.4285714285714284 
3.6296296296296298 2.883720930232558 2.8085106382978724 2.25 
3.5555555555555554 
4.072727272727272 
3.130434782608696 
3.2238805970149254 
3.391304347826087 2.857142857142857 2.787878787878788 
3.2 
3.1627906976744184 
3.25 
3.764705882352941 
3.135135135135135 
3.2 
3.52 2.6666666666666665 2.0 2.8852459016393444 2.3333333333333335 2.5454545454545454 
4.0 
3.096774193548387 
3.076923076923077 2.7142857142857144 2.8923076923076922 2.731707317073171 
3.2432432432432434 
3.5555555555555554 2.88 2.752688172043011 
3.25 
3.5789473684210527 
3.1724137931034484 
3.111111111111111 
3.0638297872340425 
3.6923076923076925 2.380952380952381 
3.2 2.4615384615384617 
3.4029850746268657 
3.764705882352941 2.7796610169491527 
3.4285714285714284 
3.6 2.6666666666666665 
3.6923076923076925 2.0 
3.4545454545454546 
3.0476190476190474 
3.5555555555555554 
3.263157894736842 
3.111111111111111 
3.3684210526315788 
3.2 
3.3333333333333335 
3.076923076923077 2.6666666666666665 2.782608695652174 2.6206896551724137 
3.5294117647058822 2.8051948051948052 
3.5555555555555554 
3.324675324675325 
3.3846153846153846 2.3255813953488373 2.736842105263158 
3.3962264150943398 2.888888888888889 
3.130434782608696 
3.2 
3.411764705882353 
3.0476190476190474 
3.225806451612903 2.7027027027027026 2.4 2.3076923076923075 
3.183673469387755 
3.36 
3.4482758620689653 
3.25 2.5925925925925926 
3.017543859649123 
3.3793103448275863 2.5454545454545454 2.4285714285714284 2.857142857142857 
3.8461538461538463 2.847457627118644 
3.58974358974359 2.962962962962963 
3.0638297872340425 2.5454545454545454 
3.0 
3.8181818181818183 2.918918918918919 2.4 2.857142857142857 2.206896551724138 2.787878787878788 
3.764705882352941 
3.6 2.8 2.6666666666666665 2.857142857142857 
3.066666666666667 
3.5555555555555554 
3.3846153846153846 
3.5555555555555554 2.823529411764706 
3.25 
3.5555555555555554 2.8 
3.0 2.6363636363636362 
3.234042553191489 2.3636363636363638 
3.0 
3.6666666666666665 
3.0303030303030303 2.909090909090909 
3.238095238095238 
3.066666666666667 
3.111111111111111 2.550724637681159 2.5384615384615383 
4.0 
3.2 2.909090909090909 
3.5555555555555554 
3.58974358974359 2.6666666666666665 2.4 
3.6129032258064515 
3.076923076923077 2.2295081967213113 2.875 2.490566037735849 
3.0144927536231885 2.193548387096774 
3.586206896551724 
4.0 
3.4285714285714284 2.3529411764705883 
3.2857142857142856 
3.7209302325581395 
3.5789473684210527 2.4 2.0 
3.238095238095238 2.857142857142857 
3.125 2.16 
3.148936170212766 
3.1515151515151514 2.6666666666666665 
3.0588235294117645 2.6875 
3.3846153846153846 2.909090909090909 2.7333333333333334 2.8363636363636364 
3.04 
3.2857142857142856 
3.2 2.0 2.7450980392156863 2.6666666666666665 2.6666666666666665 
3.4782608695652173 
3.024390243902439 
3.510204081632653 2.727272727272727 2.857142857142857 2.1818181818181817 2.48 
3.4782608695652173 
3.1020408163265305 
3.2 
3.272727272727273 1.8823529411764706 
3.0588235294117645 1.9555555555555555 2.36734693877551 2.2564102564102564 
3.027027027027027 2.6315789473684212 
3.5 2.2325581395348837 
3.3066666666666666 2.857142857142857 1.8823529411764706 2.980392156862745 
3.6363636363636362 
3.393939393939394 2.526315789473684 
3.5789473684210527 2.9767441860465116 2.819672131147541 
3.0 2.9565217391304346 
3.2777777777777777 2.6666666666666665 
3.232876712328767 2.4 
3.7419354838709675 2.6666666666666665 
3.142857142857143 2.6666666666666665 
3.2941176470588234 
3.3548387096774195 
3.142857142857143 2.3434343434343434 
3.1794871794871793 2.3333333333333335 2.1818181818181817 1.8823529411764706 
3.306122448979592 
3.130434782608696 2.6666666666666665 
3.3684210526315788 
3.3469387755102042 2.2580645161290325 
3.272727272727273 2.4827586206896552 
3.2 
3.1864406779661016 2.888888888888889 2.88 2.4545454545454546 
3.4074074074074074 
3.2 2.4705882352941178 
3.5555555555555554 2.933333333333333 
3.0476190476190474 2.6363636363636362 
3.0 
3.3043478260869565 
3.027027027027027 2.5714285714285716 
3.25 
3.3846153846153846 
3.5714285714285716 
3.764705882352941 2.88 
3.5555555555555554 2.88 
3.317073170731707 
3.25 2.0392156862745097 
3.36 
3.1818181818181817 
3.4594594594594597 2.4347826086956523 2.857142857142857 2.9152542372881354 
3.6065573770491803 
3.1219512195121952 2.6666666666666665 2.4516129032258065 2.5660377358490565 
3.2280701754385963 
5.333333333333333 2.5714285714285716 2.925373134328358 2.0 
3.5714285714285716 
3.6363636363636362 2.731707317073171 2.577777777777778 
3.272727272727273 2.774193548387097 
3.2 
3.278688524590164 2.0 2.588235294117647 2.6666666666666665 
3.230769230769231 
3.5555555555555554 2.962962962962963 
3.4285714285714284 
3.2 
3.5555555555555554 1.826086956521739 2.2222222222222223 
3.0833333333333335 
3.4285714285714284 
3.6363636363636362 2.5945945945945947 
3.0 
3.4375 
3.1372549019607843 
3.238095238095238 2.5 2.4313725490196076 2.75 
3.215686274509804 
3.2 2.76056338028169 2.8 2.6666666666666665 2.6666666666666665 2.88 
3.238095238095238 2.909090909090909 2.0 
3.272727272727273 
3.0 
3.1627906976744184 2.2222222222222223 2.896551724137931 
3.3333333333333335 2.328358208955224 2.6666666666666665 2.08 
3.1746031746031744 
3.6 2.7857142857142856 
3.272727272727273 
3.25 
3.267605633802817 
3.6296296296296298 
3.5789473684210527 2.341463414634146 
3.230769230769231 2.3703703703703702 2.4186046511627906 
3.764705882352941 2.8 2.604651162790698 2.9767441860465116 2.588235294117647 
3.25 
3.111111111111111 2.6666666666666665 
3.25 2.883720930232558 2.857142857142857 
3.096774193548387 
3.238095238095238 
3.2941176470588234 2.9375 
3.176470588235294 2.857142857142857 2.8275862068965516 
3.5789473684210527 2.8181818181818183 2.0 2.5060240963855422 2.814814814814815 
3.5 
3.2 2.6363636363636362 
3.310344827586207 2.6285714285714286 
3.1333333333333333 
3.466666666666667 
3.04 
3.3684210526315788 
3.4285714285714284 
3.1578947368421053 
3.5555555555555554 
3.142857142857143 
3.506849315068493 
3.2 
3.5172413793103448 
3.764705882352941 
3.111111111111111 2.642857142857143 
3.3230769230769233 2.8421052631578947 
4.173913043478261 
3.2 2.967741935483871 2.9411764705882355 2.9714285714285715 
3.1475409836065573 
3.0933333333333333 2.923076923076923 2.6666666666666665 2.909090909090909 2.0 
3.4 
4.148148148148148 2.591549295774648 2.8444444444444446 
3.310344827586207 
3.2 2.731707317073171 
3.2195121951219514 
3.2413793103448274 
3.2 
3.5384615384615383 2.918918918918919 
3.2432432432432434 2.0 2.7169811320754715 
3.272727272727273 
3.085714285714286 
3.5555555555555554 
3.6226415094339623 
3.764705882352941 
3.2222222222222223 
3.1578947368421053 2.8333333333333335 2.5660377358490565 
3.0588235294117645 2.5396825396825395 
3.4285714285714284 2.7333333333333334 
3.2941176470588234 
3.135135135135135 
3.1578947368421053 
3.2238805970149254 2.0 2.608695652173913 
3.2857142857142856 
3.3333333333333335 2.341463414634146 2.7142857142857144 2.260869565217391 
3.2542372881355934 
3.2 
3.4 
3.2 
3.769230769230769 2.933333333333333 
3.246376811594203 
3.096774193548387 2.0 2.769230769230769 
3.0 2.2325581395348837 1.7142857142857142 2.9565217391304346 2.0 2.6666666666666665 
3.3548387096774195 2.3157894736842106 2.0 2.0 2.6451612903225805 
3.764705882352941 
3.5714285714285716 2.6666666666666665 2.0 
3.2 
3.5254237288135593 2.2222222222222223 
3.2 2.0 
3.870967741935484 
3.2 
3.2 2.5531914893617023 
3.466666666666667 
3.5 
3.4285714285714284 
3.076923076923077 
3.36231884057971 2.204081632653061 
3.764705882352941 2.953846153846154 2.6666666666666665 
3.4782608695652173 2.823529411764706 
3.411764705882353 2.4827586206896552 
3.0833333333333335 2.838709677419355 
3.0 
3.3 2.2295081967213113 2.3728813559322033 2.0 
3.5 2.6666666666666665 2.3125 
3.0833333333333335 2.625 
3.0 2.769230769230769 
3.111111111111111 2.6666666666666665 2.051282051282051 2.731707317073171 2.1176470588235294 2.13953488372093 2.5714285714285716 
3.0 
3.2 
3.0 
3.4444444444444446 
3.4 
3.4285714285714284 
3.064935064935065 2.6666666666666665 2.297872340425532 
3.2222222222222223 2.6666666666666665 2.4 2.6666666666666665 2.523076923076923 
3.3333333333333335 2.723404255319149 
3.3684210526315788 2.0392156862745097 2.051282051282051 
3.6 2.4680851063829787 
3.225806451612903 2.814814814814815 
3.2 2.875 
3.3207547169811322 2.6666666666666665 2.5806451612903225 
4.521739130434782 2.888888888888889 2.9295774647887325 2.526315789473684 2.7755102040816326 
3.6923076923076925 
4.0 2.807017543859649 
3.1578947368421053 
3.404255319148936 
3.52 2.869565217391304 2.2777777777777777 
3.2903225806451615 
3.7419354838709675 1.9487179487179487 
3.225806451612903 
3.2888888888888888 
4.0 
3.096774193548387 2.5925925925925926 2.2439024390243905 2.0 
3.2542372881355934 2.5762711864406778 
3.3333333333333335 
3.04 2.4615384615384617 
3.4838709677419355 
3.6056338028169015 
3.3333333333333335 2.2857142857142856 2.3384615384615386 
3.310344827586207 2.5555555555555554 2.357142857142857 
3.2 
3.43859649122807 
3.2 
3.5555555555555554 
3.5555555555555554 2.8333333333333335 2.7450980392156863 
3.317073170731707 
3.5789473684210527 2.0 
3.0344827586206895 
4.7272727272727275 
3.4 
3.1538461538461537 
3.5348837209302326 
4.081632653061225 2.5185185185185186 2.048780487804878 
3.0508474576271185 2.883720930232558 
3.4285714285714284 2.5185185185185186 2.727272727272727 
3.6923076923076925 
3.0 
3.6 
3.5294117647058822 2.2564102564102564 2.871794871794872 2.4615384615384617 
3.5555555555555554 
3.142857142857143 2.4827586206896552 
3.1666666666666665 
3.310344827586207 
3.1578947368421053 2.857142857142857 
3.04 2.857142857142857 
3.2653061224489797 2.5714285714285716 2.723404255319149 2.0 2.736842105263158 2.5660377358490565 
3.2941176470588234 2.787878787878788 2.4761904761904763 
3.4 2.411764705882353 2.4285714285714284 2.4615384615384617 2.782608695652174 2.2535211267605635 
3.764705882352941 
3.2 2.8333333333333335 
3.375 2.3703703703703702 
3.3333333333333335 2.4 2.8656716417910446 
3.5714285714285716 
3.28 2.2857142857142856 2.048780487804878 
3.4615384615384617 
3.0 
3.5555555555555554 2.8 2.6666666666666665 2.3333333333333335 2.6666666666666665 
3.2941176470588234 2.857142857142857 2.943396226415094 2.0 2.1818181818181817 
3.0 
3.066666666666667 
3.25 
3.1627906976744184 
3.0 
3.6 2.847457627118644 
3.3488372093023258 2.4 2.943396226415094 2.6666666666666665 2.3125 
3.6923076923076925 2.604651162790698 2.1052631578947367 
3.4285714285714284 
3.675675675675676 2.8 
3.2432432432432434 
3.2280701754385963 2.736842105263158 
3.3 
3.4285714285714284 
3.2 2.4 2.625 2.533333333333333 
3.25 
3.1372549019607843 
3.25 
3.0 
3.2131147540983607 
3.4285714285714284 
4.148148148148148 
3.085714285714286 
3.0 
3.0 2.5 
3.142857142857143 
3.0 
3.0285714285714285 2.8923076923076922 
3.5 
3.272727272727273 2.857142857142857 2.7450980392156863 2.933333333333333 
3.3636363636363638 
3.225806451612903 2.0 2.6315789473684212 2.4615384615384617 2.6666666666666665 
3.5294117647058822 
3.2 2.953846153846154 
3.4 
3.1746031746031744 
3.135135135135135 2.6923076923076925 
3.3454545454545452 
3.272727272727273 2.814814814814815 
3.764705882352941 
3.0434782608695654 
3.3157894736842106 
3.2 
3.4594594594594597 
3.0588235294117645 
3.6 1.9636363636363636 
3.4594594594594597 2.740740740740741 
3.2842105263157895 2.329113924050633 2.7142857142857144 2.875 
3.625 
3.1666666666666665 2.3333333333333335 
3.0833333333333335 2.893617021276596 2.2 
3.593220338983051 
3.7037037037037037 
3.282051282051282 
3.44 2.6206896551724137 
3.3513513513513513 
3.25 
3.0256410256410255 
3.6 
3.176470588235294 
3.6470588235294117 
3.282051282051282 
3.2 
3.04 2.6315789473684212 2.550724637681159 
3.388888888888889 2.622950819672131 
3.096774193548387 
3.6363636363636362 2.4727272727272727 
3.101123595505618 2.6666666666666665 
3.130434782608696 2.857142857142857 2.6666666666666665 
3.278688524590164 2.4 
3.1372549019607843 2.2222222222222223 
3.5555555555555554 2.4242424242424243 
3.6 2.4150943396226414 2.9508196721311477 2.896551724137931 
3.2195121951219514 
3.2 
3.2222222222222223 2.918918918918919 
3.6666666666666665 2.5 2.693877551020408 
3.4823529411764707 
3.0 
3.066666666666667 1.951219512195122 
3.5555555555555554 2.3157894736842106 2.909090909090909 
3.1746031746031744 
3.1724137931034484 
3.1724137931034484 
3.259259259259259 2.857142857142857 2.074074074074074 
3.3548387096774195 
3.4285714285714284 
3.4716981132075473 
3.5555555555555554 
3.2857142857142856 
3.2280701754385963 
3.310344827586207 2.847457627118644 2.4166666666666665 2.0 2.697674418604651 
3.5294117647058822 2.792452830188679 
3.5294117647058822 
3.2195121951219514 2.4 2.6666666666666665 2.0 2.4615384615384617 
3.130434782608696 2.0 2.6285714285714286 2.4 2.6923076923076925 
3.0 
3.2 
3.1325301204819276 
3.675675675675676 
3.764705882352941 2.4313725490196076 2.410958904109589 2.0 2.3225806451612905 
3.6363636363636362 
3.2 2.0 
3.764705882352941 2.4444444444444446 
3.3333333333333335 
3.675675675675676 2.511627906976744 2.533333333333333 2.2222222222222223 2.981818181818182 
3.1724137931034484 2.967741935483871 
3.2 2.142857142857143 2.4 2.1818181818181817 
3.5555555555555554 
3.2 
3.6923076923076925 2.731707317073171 2.7540983606557377 2.909090909090909 
3.6153846153846154 2.6666666666666665 
3.0 
3.5348837209302326 2.909090909090909 2.4615384615384617 
3.0 
3.310344827586207 
3.0 
3.0833333333333335 2.9565217391304346 2.75 
3.310344827586207 
3.3777777777777778 
3.607843137254902 
3.3684210526315788 
3.6315789473684212 
3.4166666666666665 
3.3333333333333335 2.7169811320754715 
3.515151515151515 1.6 
3.3076923076923075 2.4827586206896552 
3.4 2.857142857142857 
3.130434782608696 
3.0638297872340425 
3.25 
3.142857142857143 
3.1186440677966103 
3.4594594594594597 2.6666666666666665 2.0 
3.4857142857142858 
3.5294117647058822 
3.090909090909091 
3.176470588235294 2.1714285714285713 
3.5789473684210527 
3.3962264150943398 2.4615384615384617 
3.142857142857143 
3.764705882352941 2.4935064935064934 
4.444444444444445 2.909090909090909 2.626865671641791 2.604651162790698 2.857142857142857 2.909090909090909 
3.272727272727273 
4.452830188679245 2.9696969696969697 2.761904761904762 
3.466666666666667 
3.4782608695652173 
3.44 
3.3454545454545452 2.923076923076923 2.857142857142857 2.0 2.823529411764706 2.7142857142857144 
3.675675675675676 
3.090909090909091 2.7142857142857144 
3.272727272727273 2.4 2.909090909090909 2.6666666666666665 
3.3333333333333335 2.5762711864406778 
3.2666666666666666 
3.272727272727273 
3.0 
3.5555555555555554 
3.764705882352941 2.8363636363636364 2.0 2.3529411764705883 2.4864864864864864 
3.1272727272727274 2.7586206896551726 
3.142857142857143 
4.714285714285714 2.5 2.297872340425532 2.6666666666666665 2.769230769230769 
3.5942028985507246 1.8823529411764706 
3.1515151515151514 
4.235294117647059 
3.5294117647058822 
3.764705882352941 
3.2 2.0 
3.2653061224489797 
3.3846153846153846 2.857142857142857 2.909090909090909 
3.4782608695652173 
3.2 2.9767441860465116 
3.2 
3.272727272727273 2.72 2.761904761904762 
3.3333333333333335 2.4827586206896552 2.769230769230769 2.823529411764706 
3.764705882352941 
3.024390243902439 
3.1627906976744184 
3.189873417721519 2.769230769230769 
3.017543859649123 
3.0625 2.6133333333333333 2.962962962962963 2.3448275862068964 
3.4782608695652173 
3.0985915492957745 
3.2 
3.0434782608695654 2.2857142857142856 
3.388235294117647 2.6818181818181817 2.6666666666666665 
3.7333333333333334 2.9473684210526314 2.4864864864864864 
3.404255319148936 
3.1515151515151514 2.823529411764706 
3.263157894736842 
3.4074074074074074 
3.4871794871794872 
3.1724137931034484 
3.2 
3.4782608695652173 
3.4285714285714284 
3.1724137931034484 
3.473684210526316 
3.4430379746835444 
3.5714285714285716 2.909090909090909 
3.4029850746268657 
3.0843373493975905 2.7755102040816326 
3.764705882352941 1.9487179487179487 
3.0526315789473686 
3.764705882352941 
3.2 
3.4285714285714284 2.25 2.6666666666666665 
3.0285714285714285 
3.1515151515151514 2.5217391304347827 
3.0 2.6666666666666665 2.4935064935064934 
3.466666666666667 
3.357142857142857 
3.2 2.602409638554217 2.9885057471264367 
3.0 2.9743589743589745 
5.333333333333333 2.9206349206349205 
3.0508474576271185 
3.0588235294117645 2.857142857142857 
3.0153846153846153 
3.3469387755102042 2.742857142857143 
3.111111111111111 2.7796610169491527 2.48 2.3636363636363638 
3.515151515151515 2.4615384615384617 2.857142857142857 
3.096774193548387 2.588235294117647 2.7333333333333334 
3.4 
3.0508474576271185 2.857142857142857 
3.586206896551724 
3.2941176470588234 2.5 2.56 
3.066666666666667 
3.4 2.4242424242424243 2.0 
3.36 2.9206349206349205 
3.4285714285714284 
3.3015873015873014 2.0 
3.066666666666667 
3.764705882352941 2.6666666666666665 
3.6923076923076925 
3.7966101694915255 
3.5555555555555554 1.951219512195122 
3.142857142857143 
3.0434782608695654 2.375 
3.3846153846153846 2.4615384615384617 2.5714285714285716 2.883720930232558 
3.324675324675325 
3.6226415094339623 2.5294117647058822 
3.441860465116279 2.807017543859649 2.6666666666666665 2.588235294117647 
3.2857142857142856 2.6666666666666665 2.6666666666666665 2.742857142857143 
3.1219512195121952 2.4347826086956523 2.782608695652174 
3.130434782608696 2.6206896551724137 2.4827586206896552 2.8405797101449277 
3.25 
3.380281690140845 
3.282051282051282 1.6 
3.6363636363636362 2.782608695652174 
3.764705882352941 
3.3191489361702127 
3.263157894736842 2.382978723404255 2.8641975308641974 
3.5 
3.0714285714285716 
3.36231884057971 
5.0 2.5714285714285716 
3.317073170731707 1.7777777777777777 
3.0476190476190474 2.857142857142857 
3.0 
3.0588235294117645 
3.3488372093023258 
3.238095238095238 
3.764705882352941 
3.3962264150943398 2.914285714285714 
3.2941176470588234 2.6666666666666665 2.736842105263158 
3.5555555555555554 2.933333333333333 2.6666666666666665 2.057142857142857 
3.5675675675675675 2.9411764705882355 2.8 2.6153846153846154 
3.5555555555555554 2.8181818181818183 2.6666666666666665 
3.5 
3.25 2.693877551020408 2.5 
3.0476190476190474 2.56 
3.3636363636363638 2.4516129032258065 
3.4074074074074074 2.7 
3.6842105263157894 2.375 2.7906976744186047 
3.5789473684210527 2.7936507936507935 
3.4375 
3.5555555555555554 2.2857142857142856 
3.4545454545454546 2.6666666666666665 2.0 
3.212121212121212 2.4242424242424243 2.1492537313432836 
3.4782608695652173 
3.4 
3.6 
3.0588235294117645 
3.076923076923077 2.8266666666666667 
3.4285714285714284 
3.764705882352941 
3.027027027027027 2.909090909090909 
3.04 
3.0 
3.272727272727273 
3.5789473684210527 
3.076923076923077 2.736842105263158 
3.3076923076923075 
3.238095238095238 
3.3684210526315788 2.857142857142857 
3.076923076923077 
3.0303030303030303 2.56 2.7755102040816326 
3.764705882352941 
3.3684210526315788 2.7058823529411766 2.311111111111111 2.064516129032258 2.0 
3.5555555555555554 2.647887323943662 
3.3333333333333335 1.6 
3.0476190476190474 
3.4594594594594597 
3.1746031746031744 2.4761904761904763 
3.5 2.6666666666666665 2.3333333333333335 
3.4285714285714284 2.6666666666666665 
3.3488372093023258 
3.3469387755102042 2.6666666666666665 2.0 2.5185185185185186 2.526315789473684 
3.5789473684210527 
3.3207547169811322 
3.096774193548387 
3.0 2.8 2.577777777777778 
3.4285714285714284 2.4615384615384617 2.4 
3.4 2.523076923076923 
3.2 
3.5789473684210527 2.7058823529411766 
3.5555555555555554 
3.182795698924731 2.588235294117647 2.4 2.933333333333333 2.981818181818182 2.4347826086956523 2.6153846153846154 
3.764705882352941 2.6666666666666665 2.7755102040816326 
3.217391304347826 
3.764705882352941 
3.5555555555555554 
3.111111111111111 
3.36 2.0 2.838709677419355 2.769230769230769 2.711864406779661 
3.073170731707317 
3.2 
3.1746031746031744 2.5 2.0 
3.1 2.1538461538461537 
3.0 
3.1627906976744184 
3.3684210526315788 
3.076923076923077 
3.255813953488372 
3.4285714285714284 2.5806451612903225 2.2857142857142856 
3.7681159420289854 2.6666666666666665 2.962962962962963 
3.1746031746031744 
3.111111111111111 
3.0303030303030303 2.4126984126984126 
3.5714285714285716 2.5 2.933333333333333 2.341463414634146 2.5846153846153848 2.857142857142857 
3.0 
3.2131147540983607 2.36734693877551 2.5625 2.6666666666666665 2.740740740740741 
3.4 2.9473684210526314 
3.272727272727273 
3.5 2.819672131147541 
3.3333333333333335 
3.3191489361702127 
3.111111111111111 2.5161290322580645 
3.240506329113924 2.4705882352941178 
3.2 
3.5555555555555554 2.962962962962963 2.4864864864864864 2.6285714285714286 
3.5555555555555554 2.761904761904762 
3.142857142857143 
3.020408163265306 
3.259259259259259 2.6666666666666665 
3.4285714285714284 
3.2195121951219514 
3.3333333333333335 2.869565217391304 
3.4 
3.372549019607843 
3.5555555555555554 2.4 2.0 2.8421052631578947 
3.142857142857143 
3.652173913043478 
3.085714285714286 2.981818181818182 2.4 2.0 2.196078431372549 
3.0 2.4516129032258065 
3.0476190476190474 
3.2 2.3333333333333335 
3.5555555555555554 
3.4814814814814814 
3.076923076923077 2.909090909090909 2.888888888888889 
3.3333333333333335 2.4489795918367347 
3.2666666666666666 
3.176470588235294 
3.764705882352941 2.736842105263158 1.8823529411764706 2.926829268292683 
3.0526315789473686 2.0 2.909090909090909 
3.4782608695652173 2.857142857142857 2.6666666666666665 
3.574468085106383 2.305084745762712 
3.037037037037037 2.761904761904762 
3.36 2.8679245283018866 
3.1724137931034484 2.7586206896551726 2.4 
3.764705882352941 2.978723404255319 2.2857142857142856 
3.586206896551724 
3.6923076923076925 
3.0588235294117645 2.488888888888889 2.933333333333333 
3.1578947368421053 2.9411764705882355 
3.3333333333333335 2.64 2.888888888888889 
3.0933333333333333 
3.2195121951219514 2.276923076923077 2.08 2.909090909090909 
3.2 
3.5121951219512195 
3.230769230769231 
3.652173913043478 
3.246376811594203 
3.2 
3.3333333333333335 
3.2 2.9206349206349205 2.857142857142857 
3.764705882352941 
3.0833333333333335 2.4 
3.404255319148936 2.9152542372881354 
3.3846153846153846 
3.5555555555555554 2.8266666666666667 2.981818181818182 
3.0638297872340425 
3.1578947368421053 
3.0 
3.9069767441860463 2.723404255319149 
3.2195121951219514 
3.5 2.56 
3.4285714285714284 
3.4133333333333336 
3.4594594594594597 
3.111111111111111 
3.4782608695652173 2.606060606060606 
3.2666666666666666 
3.017543859649123 2.4150943396226414 
3.272727272727273 
3.5789473684210527 2.736842105263158 
3.2 2.206896551724138 
3.5 2.7755102040816326 
3.4909090909090907 2.769230769230769 
3.2 2.5 
4.48 2.857142857142857 2.926829268292683 
3.310344827586207 
3.5555555555555554 
3.0943396226415096 2.75 
3.230769230769231 
3.1515151515151514 2.96 
3.272727272727273 2.6666666666666665 
3.1724137931034484 
3.3846153846153846 2.6666666666666665 2.466666666666667 2.196078431372549 
3.0344827586206895 2.5454545454545454 2.7096774193548385 
3.4285714285714284 
3.2413793103448274 2.8 
3.111111111111111 2.909090909090909 
3.217391304347826 
3.6923076923076925 2.456140350877193 2.736842105263158 
3.088607594936709 
3.4782608695652173 2.761904761904762 
3.764705882352941 1.7435897435897436 
3.52 
3.7333333333333334 2.888888888888889 2.893617021276596 
3.8620689655172415 
3.5652173913043477 2.533333333333333 2.5365853658536586 
3.2666666666666666 
3.6216216216216215 2.962962962962963 2.742857142857143 
3.5 2.7755102040816326 
3.3220338983050848 
3.142857142857143 2.5396825396825395 
3.4716981132075473 
3.0588235294117645 2.0 2.0 2.0 2.6666666666666665 2.608695652173913 
3.2 
3.5254237288135593 2.4545454545454546 
3.2533333333333334 2.75 2.75 2.769230769230769 
3.4285714285714284 2.814814814814815 2.5161290322580645 
3.5555555555555554 
3.076923076923077 2.3013698630136985 2.72 
3.3684210526315788 
3.125 
3.6 
3.066666666666667 
3.393939393939394 
3.1627906976744184 2.893617021276596 2.7341772151898733 2.4444444444444446 2.4 2.5517241379310347 
3.25 
4.102564102564102 2.736842105263158 
3.076923076923077 
3.411764705882353 
3.2941176470588234 2.5555555555555554 
3.142857142857143 
3.4210526315789473 
3.6923076923076925 2.8405797101449277 2.0 
3.111111111111111 
3.310344827586207 
3.5384615384615383 
3.764705882352941 2.769230769230769 2.5454545454545454 2.066666666666667 2.8181818181818183 
3.764705882352941 2.871794871794872 2.6666666666666665 
3.3043478260869565 2.6666666666666665 2.923076923076923 
3.310344827586207 
3.183673469387755 
3.5555555555555554 2.6206896551724137 
3.2 2.88 
3.5555555555555554 
3.142857142857143 
3.4285714285714284 
3.28 2.8421052631578947 2.9 2.5454545454545454 2.6666666666666665 2.604651162790698 
3.2222222222222223 
3.2452830188679247 
3.7209302325581395 
3.6923076923076925 
4.3076923076923075 
3.2 2.642857142857143 2.984126984126984 2.8679245283018866 
3.4285714285714284 2.6315789473684212 
3.6363636363636362 
3.4285714285714284 2.6133333333333333 
3.018867924528302 
3.2 
3.0434782608695654 
3.466666666666667 
3.3333333333333335 
3.764705882352941 2.72 
3.215686274509804 2.204081632653061 2.6666666666666665 2.9473684210526314 2.962962962962963 2.0 2.7160493827160495 
4.0 2.8444444444444446 
3.3333333333333335 
3.5555555555555554 
3.5789473684210527 2.6666666666666665 
3.582089552238806 
3.2 
3.5789473684210527 2.782608695652174 2.526315789473684 2.8085106382978724 2.5365853658536586 2.909090909090909 2.984126984126984 2.740740740740741 
3.4444444444444446 
3.111111111111111 2.5 2.2222222222222223 
3.764705882352941 
3.142857142857143 2.4615384615384617 2.6666666666666665 
3.4285714285714284 
3.2 2.888888888888889 
3.388235294117647 
3.5555555555555554 2.8666666666666667 
3.5555555555555554 2.6666666666666665 
3.0344827586206895 
3.096774193548387 
3.4545454545454546 2.6666666666666665 
3.1578947368421053 
3.452054794520548 
3.891891891891892 
3.3684210526315788 
3.0344827586206895 2.814814814814815 
3.3015873015873014 2.782608695652174 2.962962962962963 
3.3333333333333335 2.2857142857142856 
3.169811320754717 2.4 
3.74468085106383 
3.3684210526315788 
3.0545454545454547 2.6666666666666665 2.0 2.8333333333333335 
3.3658536585365852 
3.2 2.2564102564102564 2.2857142857142856 
3.111111111111111 
3.081967213114754 
3.875 
3.5 
3.2131147540983607 2.4313725490196076 2.9473684210526314 2.488888888888889 2.0869565217391304 
3.52 
3.764705882352941 2.96 2.526315789473684 2.9444444444444446 
3.4285714285714284 
3.3529411764705883 
3.2 
3.1666666666666665 
3.619047619047619 2.388059701492537 
3.5789473684210527 2.9767441860465116 2.883720930232558 
3.2 2.88 2.4313725490196076 
3.9148936170212765 
3.215686274509804 
3.4285714285714284 2.0 
3.0 2.6666666666666665 
3.4074074074074074 2.3076923076923075 
3.272727272727273 1.9428571428571428 
3.4285714285714284 
3.4285714285714284 
3.263157894736842 2.8679245283018866 2.7096774193548385 2.5142857142857142 2.857142857142857 
3.6923076923076925 
3.5555555555555554 
3.5555555555555554 
3.6363636363636362 
3.450980392156863 
3.764705882352941 2.617283950617284 
3.2 
3.1186440677966103 2.6666666666666665 2.642857142857143 
3.1724137931034484 2.769230769230769 
3.6 
3.4615384615384617 
3.272727272727273 2.7532467532467533 
3.466666666666667 2.4615384615384617 2.4 
3.4285714285714284 2.260869565217391 
3.0 2.823529411764706 