ratio=2.0 Rectangles:[(25,43) , (42,67)][(6,35) , (11,51)][(0,4) , (2,68)][(28,17) , (45,64)][(11,15) , (16,65)]
ratio=1.9047619047619047 Rectangles:[(28,62) , (37,69)][(4,17) , (7,25)][(19,60) , (28,63)]
ratio=1.8823529411764706 Rectangles:[(4,38) , (13,49)][(12,26) , (21,38)]
ratio=2.0 Rectangles:[(15,48) , (17,69)]
ratio=4.0 Rectangles:[(23,56) , (26,69)][(23,59) , (32,69)][(20,34) , (22,48)][(34,22) , (37,55)][(20,21) , (37,46)]
ratio=2.0 Rectangles:[(35,33) , (37,55)]
ratio=4.0 Rectangles:[(32,3) , (49,40)][(22,55) , (25,62)][(6,30) , (11,62)][(21,31) , (24,56)][(24,30) , (41,36)]
ratio=2.0 Rectangles:[(12,35) , (14,61)]
ratio=4.0 Rectangles:[(23,39) , (26,61)][(28,4) , (45,30)][(37,8) , (54,69)][(25,13) , (27,51)][(1,43) , (6,56)][(18,41) , (35,52)]
ratio=4.170212765957447 Rectangles:[(31,45) , (48,47)][(18,20) , (20,44)][(37,3) , (39,42)][(1,48) , (18,64)][(35,3) , (52,68)][(21,56) , (26,60)][(18,5) , (20,35)]
ratio=1.7142857142857142 Rectangles:[(8,27) , (17,42)][(30,3) , (33,54)][(0,29) , (9,68)][(13,9) , (16,46)][(24,0) , (29,42)][(15,37) , (20,68)]
ratio=4.097560975609756 Rectangles:[(24,13) , (41,57)][(15,66) , (24,68)][(23,44) , (32,50)][(14,6) , (17,40)][(31,20) , (40,66)][(16,40) , (19,42)][(24,30) , (27,56)][(33,12) , (42,65)][(7,12) , (16,14)]
ratio=2.0 Rectangles:[(27,59) , (29,63)]
ratio=4.16 Rectangles:[(29,34) , (46,57)][(14,34) , (17,38)][(36,52) , (45,60)][(0,52) , (5,59)]
ratio=2.0 Rectangles:[(20,63) , (22,67)]
ratio=4.0 Rectangles:[(10,55) , (15,66)][(31,16) , (36,52)][(34,1) , (39,55)][(28,28) , (37,42)][(33,35) , (38,48)][(1,54) , (18,55)][(24,4) , (41,26)][(9,33) , (14,55)]
ratio=2.0 Rectangles:[(19,36) , (36,49)][(30,4) , (32,42)][(4,20) , (21,42)]
ratio=1.826086956521739 Rectangles:[(33,59) , (35,62)][(6,39) , (9,40)][(31,17) , (48,50)][(37,32) , (39,67)][(0,28) , (17,45)][(24,48) , (27,53)][(5,4) , (22,60)][(13,43) , (15,53)]
ratio=4.0 Rectangles:[(24,27) , (29,49)][(22,4) , (25,44)][(17,5) , (20,35)][(34,49) , (43,53)][(14,20) , (23,35)]
ratio=1.8823529411764706 Rectangles:[(15,41) , (24,69)][(8,22) , (13,58)][(4,44) , (7,62)]
ratio=5.2631578947368425 Rectangles:[(26,13) , (43,53)][(17,51) , (19,69)][(29,44) , (34,49)][(32,43) , (41,49)]
ratio=2.0 Rectangles:[(8,45) , (10,49)]
ratio=1.9636363636363636 Rectangles:[(7,8) , (9,68)][(17,29) , (34,54)][(29,31) , (46,59)][(31,37) , (36,51)][(29,5) , (38,59)][(13,54) , (16,68)][(11,2) , (20,14)][(6,22) , (15,54)][(21,15) , (30,67)][(32,1) , (34,23)][(1,30) , (6,38)]
ratio=4.068965517241379 Rectangles:[(27,11) , (44,56)][(26,29) , (43,31)][(8,0) , (25,16)][(27,34) , (32,55)][(35,59) , (40,67)][(34,4) , (51,31)][(32,67) , (35,69)][(21,6) , (23,18)][(27,46) , (30,50)][(31,66) , (34,67)][(36,67) , (38,68)][(23,36) , (25,48)]
ratio=4.0 Rectangles:[(32,38) , (35,56)][(29,7) , (34,68)]
ratio=2.0 Rectangles:[(2,65) , (4,69)]
ratio=1.7857142857142858 Rectangles:[(30,28) , (39,60)][(11,12) , (13,67)][(1,2) , (10,17)][(28,54) , (30,60)][(28,6) , (45,13)][(23,25) , (32,50)][(5,5) , (22,22)]
ratio=2.0 Rectangles:[(30,40) , (33,43)][(24,29) , (29,52)]
ratio=2.0 Rectangles:[(24,14) , (26,18)][(33,36) , (35,63)]
ratio=1.9393939393939394 Rectangles:[(22,63) , (27,64)][(15,22) , (32,64)][(31,54) , (48,67)]
ratio=2.0 Rectangles:[(29,59) , (31,66)][(32,38) , (34,40)]
ratio=4.0 Rectangles:[(27,15) , (30,20)][(15,49) , (20,68)][(34,22) , (43,43)][(18,53) , (20,69)][(31,28) , (48,37)][(23,67) , (40,69)]
ratio=2.0 Rectangles:[(32,35) , (34,55)]
ratio=2.0 Rectangles:[(7,5) , (9,36)][(32,3) , (34,12)]
ratio=2.0 Rectangles:[(22,8) , (27,44)][(27,46) , (30,49)][(1,30) , (3,34)][(22,59) , (25,62)][(31,59) , (40,65)][(17,5) , (19,19)][(22,62) , (31,66)]
ratio=2.0 Rectangles:[(32,17) , (34,40)]
ratio=2.0 Rectangles:[(36,5) , (39,55)][(10,56) , (19,62)][(7,60) , (12,63)][(1,16) , (10,66)][(11,39) , (14,62)][(4,2) , (6,31)][(21,49) , (24,65)]
ratio=4.0 Rectangles:[(10,57) , (12,63)][(24,26) , (26,59)][(36,57) , (53,61)][(28,40) , (45,61)][(27,9) , (36,33)][(35,46) , (38,48)][(33,55) , (42,62)][(6,9) , (9,34)]
ratio=2.0 Rectangles:[(36,20) , (38,42)]
ratio=2.0 Rectangles:[(7,40) , (12,55)][(1,29) , (4,65)]
ratio=1.9130434782608696 Rectangles:[(2,31) , (5,63)][(17,39) , (34,67)][(24,41) , (41,61)][(7,61) , (24,63)][(14,17) , (19,68)][(9,39) , (14,51)][(25,11) , (27,57)][(27,25) , (29,35)]
ratio=2.0 Rectangles:[(34,54) , (39,62)][(37,59) , (42,64)]
ratio=4.461538461538462 Rectangles:[(2,0) , (4,20)][(9,44) , (14,46)][(32,65) , (41,68)][(38,10) , (47,28)][(31,61) , (40,66)]
ratio=4.0 Rectangles:[(10,60) , (27,65)][(5,53) , (8,60)][(26,37) , (28,58)][(27,10) , (29,33)][(23,20) , (40,50)][(26,58) , (28,64)][(32,13) , (41,59)][(30,44) , (33,48)]
ratio=4.7272727272727275 Rectangles:[(7,9) , (9,19)][(16,10) , (21,54)][(15,27) , (24,54)]
ratio=5.0 Rectangles:[(36,31) , (53,61)][(30,51) , (47,68)][(6,25) , (15,47)]
ratio=4.0 Rectangles:[(8,61) , (11,64)][(10,50) , (12,68)][(7,61) , (16,65)][(29,14) , (34,39)][(38,41) , (43,62)][(32,49) , (41,67)][(29,53) , (38,65)]
ratio=2.0 Rectangles:[(25,43) , (28,49)][(17,5) , (26,62)][(22,39) , (24,48)][(32,53) , (35,60)][(31,38) , (40,69)]
ratio=2.0 Rectangles:[(37,35) , (39,62)][(2,39) , (4,43)][(21,32) , (23,44)]
ratio=2.0 Rectangles:[(11,51) , (13,67)]
ratio=4.705882352941177 Rectangles:[(27,9) , (44,44)][(33,40) , (38,57)]
ratio=2.0 Rectangles:[(31,60) , (33,63)]
ratio=4.258064516129032 Rectangles:[(13,39) , (15,50)][(19,56) , (24,65)][(17,49) , (26,64)][(28,13) , (45,31)][(22,6) , (25,23)][(34,31) , (43,44)]
ratio=1.7560975609756098 Rectangles:[(15,51) , (24,65)][(2,19) , (11,67)][(23,37) , (28,66)][(28,52) , (45,59)][(32,50) , (35,62)][(0,44) , (5,64)]
ratio=2.0 Rectangles:[(2,34) , (4,63)]
ratio=4.0 Rectangles:[(36,51) , (39,59)][(35,41) , (38,62)][(16,43) , (19,58)][(0,68) , (3,69)][(10,30) , (19,59)]
ratio=2.0 Rectangles:[(7,11) , (16,40)][(14,0) , (23,24)][(3,49) , (5,67)]
ratio=2.0 Rectangles:[(22,24) , (24,34)]
ratio=1.7894736842105263 Rectangles:[(1,50) , (3,69)][(26,53) , (43,59)][(24,3) , (33,69)][(32,67) , (34,69)][(1,54) , (18,60)]
ratio=2.0 Rectangles:[(28,2) , (30,7)]
ratio=2.0 Rectangles:[(25,65) , (27,69)]
ratio=2.0 Rectangles:[(14,26) , (16,53)]
ratio=1.826086956521739 Rectangles:[(30,18) , (47,34)][(26,60) , (29,64)][(30,55) , (33,66)][(1,13) , (18,67)][(17,8) , (22,54)][(37,60) , (39,69)]
ratio=2.0 Rectangles:[(10,8) , (12,55)]
ratio=2.0 Rectangles:[(11,64) , (13,67)]
ratio=1.917808219178082 Rectangles:[(30,27) , (47,59)][(21,34) , (26,66)][(24,46) , (29,65)][(24,10) , (41,15)][(16,33) , (18,42)][(7,9) , (9,60)][(5,47) , (8,66)][(4,55) , (21,63)][(17,12) , (26,21)][(2,35) , (5,69)][(12,22) , (15,48)]
ratio=1.6 Rectangles:[(16,13) , (21,49)][(19,23) , (21,56)][(23,34) , (28,39)]
ratio=2.0 Rectangles:[(32,20) , (34,65)]
ratio=2.0 Rectangles:[(8,33) , (10,58)][(11,30) , (14,50)][(17,9) , (20,11)]
ratio=1.894736842105263 Rectangles:[(29,37) , (32,68)][(30,39) , (33,44)][(30,43) , (47,68)][(3,22) , (6,67)][(24,24) , (27,49)][(12,40) , (21,54)][(18,29) , (23,68)][(2,11) , (5,17)]
ratio=1.6 Rectangles:[(24,41) , (29,66)][(29,51) , (34,60)]
ratio=1.8823529411764706 Rectangles:[(28,53) , (45,67)][(11,60) , (28,63)]
ratio=2.0 Rectangles:[(25,40) , (42,62)][(29,21) , (32,68)][(8,27) , (10,62)][(9,47) , (12,51)][(4,62) , (9,66)][(26,40) , (28,68)][(10,5) , (12,35)][(3,43) , (5,48)][(7,37) , (12,50)][(4,50) , (7,69)][(9,20) , (26,45)]
ratio=1.951219512195122 Rectangles:[(10,42) , (12,46)][(23,40) , (26,52)][(7,5) , (24,56)][(4,63) , (6,65)][(27,21) , (44,35)][(24,24) , (29,65)]
ratio=4.072727272727272 Rectangles:[(29,43) , (46,68)][(10,61) , (19,63)][(32,19) , (35,25)][(32,17) , (49,58)][(24,6) , (41,20)][(29,24) , (31,63)][(33,67) , (42,68)][(5,36) , (7,65)][(36,20) , (41,56)]
ratio=2.0 Rectangles:[(27,24) , (29,39)]
ratio=2.0 Rectangles:[(4,40) , (6,61)]
ratio=4.0 Rectangles:[(28,62) , (37,69)][(31,15) , (33,63)][(32,55) , (35,65)][(11,7) , (14,32)]
ratio=2.0 Rectangles:[(32,66) , (34,68)]
ratio=4.705882352941177 Rectangles:[(21,28) , (38,43)][(27,34) , (36,53)][(32,20) , (37,67)]
ratio=4.0 Rectangles:[(15,5) , (20,51)][(31,10) , (36,43)][(16,5) , (21,49)][(22,50) , (25,62)]
ratio=1.7391304347826086 Rectangles:[(27,16) , (36,56)][(29,29) , (34,47)][(25,18) , (28,31)][(31,4) , (40,65)][(21,19) , (30,68)][(2,25) , (4,57)][(7,25) , (9,45)][(23,21) , (26,51)]
ratio=1.951219512195122 Rectangles:[(26,14) , (43,39)][(37,57) , (39,65)][(13,10) , (18,50)][(2,35) , (19,37)][(31,46) , (34,57)][(7,22) , (10,47)][(14,59) , (16,64)]
ratio=2.0 Rectangles:[(29,14) , (31,38)]
ratio=2.0 Rectangles:[(12,24) , (14,66)]
ratio=2.0 Rectangles:[(18,13) , (20,17)]
ratio=4.064516129032258 Rectangles:[(35,66) , (52,68)][(2,46) , (7,55)][(9,57) , (11,59)][(18,22) , (27,27)][(5,41) , (22,48)][(13,11) , (16,36)][(31,65) , (48,67)][(1,48) , (4,62)][(23,22) , (25,54)][(19,30) , (24,32)][(14,48) , (19,58)][(0,25) , (3,50)][(22,14) , (24,59)]
ratio=2.0 Rectangles:[(0,54) , (2,62)]
ratio=1.6 Rectangles:[(0,33) , (17,56)][(27,8) , (44,67)][(22,45) , (27,58)][(9,19) , (18,57)]
ratio=4.0 Rectangles:[(29,32) , (46,62)][(34,49) , (51,59)][(29,57) , (34,64)][(4,30) , (7,59)][(32,36) , (41,59)][(4,64) , (6,66)][(28,23) , (37,43)][(9,65) , (11,67)][(25,65) , (42,67)][(30,36) , (35,41)][(38,65) , (47,67)]
ratio=1.8604651162790697 Rectangles:[(0,25) , (3,49)][(8,4) , (25,58)][(22,12) , (39,51)][(3,0) , (6,61)][(15,68) , (18,69)][(0,66) , (3,67)][(9,18) , (26,49)]
ratio=2.0 Rectangles:[(30,18) , (32,48)]
ratio=4.666666666666667 Rectangles:[(15,47) , (18,68)][(37,29) , (42,52)][(7,59) , (24,65)][(31,30) , (48,52)][(37,25) , (54,49)][(34,19) , (36,22)]
ratio=2.0 Rectangles:[(25,48) , (42,58)][(34,9) , (37,47)][(17,57) , (26,66)][(9,50) , (18,58)]
ratio=4.1 Rectangles:[(27,5) , (44,38)][(1,41) , (18,62)][(20,58) , (22,62)][(29,8) , (34,46)][(37,25) , (46,35)][(4,7) , (9,62)][(9,37) , (12,65)][(11,57) , (13,63)][(31,45) , (33,53)]
ratio=1.945945945945946 Rectangles:[(11,35) , (14,49)][(23,53) , (40,61)][(2,22) , (7,55)][(2,51) , (19,62)][(8,51) , (11,59)][(3,52) , (6,66)]
ratio=4.072727272727272 Rectangles:[(33,45) , (35,68)][(37,0) , (54,54)][(8,3) , (13,19)][(31,36) , (48,37)][(12,57) , (17,62)][(6,23) , (11,57)][(20,38) , (37,51)]
ratio=2.0 Rectangles:[(36,18) , (38,60)]
ratio=4.0 Rectangles:[(29,47) , (32,66)][(24,26) , (41,57)][(15,42) , (17,51)][(37,24) , (54,49)]
ratio=2.0 Rectangles:[(25,61) , (27,65)][(0,37) , (2,49)][(3,9) , (5,58)]
ratio=4.0 Rectangles:[(23,21) , (28,44)][(14,43) , (23,56)][(20,35) , (29,54)][(14,10) , (23,41)]
ratio=4.0 Rectangles:[(13,22) , (16,36)][(26,13) , (28,63)][(28,61) , (45,64)][(35,62) , (40,65)][(6,19) , (23,26)]
ratio=2.0 Rectangles:[(3,68) , (5,69)]
ratio=2.0 Rectangles:[(16,2) , (18,3)][(37,43) , (39,68)]
ratio=1.8823529411764706 Rectangles:[(0,15) , (17,54)][(31,10) , (33,29)][(22,26) , (39,69)]
ratio=1.9555555555555555 Rectangles:[(24,54) , (27,56)][(1,57) , (4,64)][(6,42) , (11,63)][(12,7) , (15,50)][(0,59) , (17,62)][(28,56) , (30,59)][(17,47) , (20,58)][(30,44) , (47,59)]
ratio=1.8823529411764706 Rectangles:[(0,6) , (17,52)][(4,23) , (9,67)][(30,49) , (47,50)]
ratio=1.8823529411764706 Rectangles:[(6,29) , (23,56)][(26,66) , (35,67)][(29,8) , (46,56)][(21,31) , (38,57)][(4,50) , (21,60)][(19,47) , (22,58)][(7,18) , (10,58)]
ratio=5.333333333333333 Rectangles:[(21,25) , (23,55)][(14,33) , (23,43)][(16,24) , (21,45)]
ratio=2.0 Rectangles:[(29,35) , (31,55)]
ratio=2.0 Rectangles:[(25,40) , (27,50)]
ratio=1.826086956521739 Rectangles:[(17,27) , (20,50)][(17,47) , (34,50)][(22,15) , (24,69)][(4,40) , (9,57)][(19,47) , (28,68)][(31,15) , (48,58)][(10,19) , (13,44)][(11,49) , (13,55)][(27,66) , (29,68)][(33,5) , (36,37)]
ratio=2.0 Rectangles:[(21,64) , (23,68)]
ratio=2.0 Rectangles:[(4,54) , (21,65)][(2,31) , (19,34)][(32,44) , (41,52)][(22,0) , (39,32)][(27,55) , (44,63)][(27,63) , (36,69)][(21,51) , (24,63)]
ratio=4.173913043478261 Rectangles:[(37,18) , (46,62)][(26,23) , (43,32)][(27,9) , (36,39)][(13,12) , (16,28)]
ratio=2.0 Rectangles:[(27,39) , (29,64)]
ratio=4.148148148148148 Rectangles:[(31,41) , (40,67)][(35,23) , (44,45)][(0,20) , (9,23)][(32,49) , (37,67)]
ratio=2.0 Rectangles:[(9,65) , (11,66)]
ratio=2.0 Rectangles:[(14,51) , (16,68)]
ratio=2.0 Rectangles:[(6,56) , (8,69)]
ratio=1.7142857142857142 Rectangles:[(28,64) , (30,69)][(29,49) , (31,68)][(13,20) , (15,34)][(11,27) , (13,31)]
ratio=2.0 Rectangles:[(22,11) , (24,24)]
ratio=2.0 Rectangles:[(27,53) , (29,58)][(36,43) , (38,69)]
ratio=2.0 Rectangles:[(8,54) , (10,65)]
ratio=2.0 Rectangles:[(28,20) , (30,28)][(18,44) , (20,67)][(5,8) , (7,40)][(9,39) , (11,50)]
ratio=2.0 Rectangles:[(17,18) , (19,37)]
ratio=2.0 Rectangles:[(2,42) , (4,52)]
ratio=4.521739130434782 Rectangles:[(26,66) , (31,68)][(17,14) , (26,67)][(35,5) , (52,56)][(28,13) , (45,35)][(11,39) , (28,41)]
ratio=4.0 Rectangles:[(30,63) , (35,64)][(33,16) , (50,68)]
ratio=1.9487179487179487 Rectangles:[(31,28) , (34,33)][(9,50) , (11,67)][(30,43) , (47,50)][(32,37) , (34,39)][(11,9) , (13,60)][(5,43) , (22,51)]
ratio=4.0 Rectangles:[(25,30) , (28,48)][(22,45) , (27,68)]
ratio=2.0 Rectangles:[(19,5) , (21,69)]
ratio=2.0 Rectangles:[(34,17) , (36,34)]
ratio=4.7272727272727275 Rectangles:[(24,15) , (26,38)][(31,55) , (40,66)][(33,23) , (38,66)]
ratio=4.081632653061225 Rectangles:[(9,24) , (14,46)][(27,49) , (44,55)][(28,64) , (30,69)][(11,38) , (16,44)][(26,67) , (28,68)][(21,28) , (30,47)][(4,63) , (9,68)][(23,42) , (26,65)][(23,18) , (26,64)][(34,55) , (51,60)][(28,34) , (30,66)]
ratio=2.0 Rectangles:[(33,47) , (35,60)]
ratio=2.0 Rectangles:[(4,29) , (6,54)]
ratio=4.148148148148148 Rectangles:[(3,54) , (8,61)][(3,17) , (8,64)][(28,66) , (33,67)][(23,4) , (40,8)][(4,0) , (7,37)][(28,42) , (45,51)][(18,37) , (20,52)][(33,47) , (50,50)]
ratio=2.0 Rectangles:[(5,68) , (7,69)]
ratio=1.9636363636363636 Rectangles:[(26,57) , (35,64)][(29,33) , (46,64)][(16,8) , (33,50)][(10,28) , (27,62)][(8,18) , (17,38)][(21,13) , (38,55)][(12,58) , (14,61)][(8,39) , (11,57)][(19,8) , (22,56)][(18,60) , (21,64)]
ratio=1.951219512195122 Rectangles:[(8,42) , (17,69)][(22,43) , (27,54)][(8,20) , (10,66)][(12,10) , (14,30)][(33,1) , (36,21)][(24,40) , (26,65)][(14,9) , (19,57)][(5,17) , (7,30)][(19,11) , (36,44)][(4,32) , (7,52)][(1,32) , (4,51)]
ratio=2.0 Rectangles:[(10,5) , (12,51)]
ratio=2.0 Rectangles:[(20,10) , (22,50)][(29,38) , (31,48)]
ratio=2.0 Rectangles:[(13,43) , (15,44)]
ratio=2.0 Rectangles:[(0,2) , (2,26)]
ratio=2.0 Rectangles:[(8,6) , (13,60)][(16,5) , (21,12)][(2,38) , (7,47)][(14,20) , (23,63)]
ratio=1.6 Rectangles:[(33,40) , (35,51)][(5,22) , (8,48)][(7,12) , (24,49)][(19,23) , (24,67)][(32,55) , (34,56)][(29,21) , (46,44)][(14,35) , (31,61)][(0,34) , (2,67)]
ratio=2.0 Rectangles:[(26,49) , (28,68)]
ratio=4.444444444444445 Rectangles:[(0,34) , (5,37)][(38,20) , (40,44)][(35,12) , (52,69)][(30,32) , (47,45)][(18,7) , (27,19)]
ratio=4.452830188679245 Rectangles:[(19,48) , (22,61)][(32,11) , (49,38)][(14,34) , (16,57)][(35,19) , (38,34)][(28,28) , (45,29)][(14,23) , (17,44)][(14,63) , (31,64)][(33,48) , (42,50)]
ratio=2.0 Rectangles:[(4,18) , (6,41)]
ratio=2.0 Rectangles:[(2,8) , (4,63)]
ratio=4.714285714285714 Rectangles:[(38,62) , (55,64)][(29,59) , (46,63)][(0,55) , (2,58)]
ratio=1.8823529411764706 Rectangles:[(31,49) , (36,58)][(1,47) , (18,63)][(19,6) , (36,49)]
ratio=4.235294117647059 Rectangles:[(26,18) , (43,49)][(38,31) , (41,47)]
ratio=2.0 Rectangles:[(7,6) , (9,69)]
ratio=1.9487179487179487 Rectangles:[(7,35) , (9,63)][(11,26) , (20,65)][(12,1) , (14,41)][(1,50) , (4,54)][(26,63) , (29,64)][(28,21) , (33,37)][(9,52) , (18,66)][(10,14) , (12,48)][(24,11) , (27,35)][(32,22) , (35,63)][(0,18) , (9,62)][(38,16) , (40,52)]
ratio=5.333333333333333 Rectangles:[(31,48) , (40,66)][(29,49) , (34,69)][(32,55) , (41,60)]
ratio=2.0 Rectangles:[(1,29) , (3,53)]
ratio=2.0 Rectangles:[(22,32) , (24,50)]
ratio=1.951219512195122 Rectangles:[(4,52) , (9,56)][(20,14) , (37,60)][(8,24) , (10,66)][(10,38) , (13,60)][(7,27) , (24,55)][(1,0) , (18,44)]
ratio=1.6 Rectangles:[(4,26) , (6,61)][(6,38) , (9,43)]
ratio=5.0 Rectangles:[(38,38) , (41,68)][(34,14) , (51,37)][(30,14) , (47,34)][(27,49) , (29,58)][(33,5) , (42,57)][(38,17) , (40,44)][(20,21) , (22,55)]
ratio=1.7777777777777777 Rectangles:[(24,37) , (27,56)][(4,42) , (6,46)][(6,21) , (23,49)][(28,40) , (33,61)][(23,32) , (40,52)][(22,26) , (27,45)]
ratio=2.0 Rectangles:[(7,56) , (9,63)]
ratio=2.0 Rectangles:[(8,53) , (10,55)]
ratio=1.6 Rectangles:[(0,44) , (3,46)][(3,43) , (5,59)]
ratio=2.0 Rectangles:[(30,31) , (32,43)]
ratio=2.0 Rectangles:[(9,13) , (11,50)]
ratio=2.0 Rectangles:[(25,9) , (27,28)][(12,44) , (29,49)][(7,46) , (9,68)][(9,22) , (18,50)][(22,41) , (39,57)][(0,17) , (2,37)]
ratio=2.0 Rectangles:[(22,11) , (24,33)]
ratio=2.0 Rectangles:[(20,3) , (25,44)][(31,5) , (40,60)][(17,28) , (22,54)][(37,68) , (42,69)][(13,3) , (16,54)][(28,36) , (37,59)]
ratio=1.8823529411764706 Rectangles:[(8,29) , (25,61)][(27,48) , (30,63)][(25,7) , (42,55)]
ratio=2.0 Rectangles:[(2,43) , (7,59)][(5,41) , (10,59)]
ratio=4.48 Rectangles:[(33,17) , (42,18)][(19,12) , (21,46)][(7,35) , (12,37)][(19,37) , (28,50)][(31,18) , (40,30)]
ratio=1.7435897435897436 Rectangles:[(18,33) , (27,62)][(1,54) , (18,65)][(27,40) , (36,68)][(4,8) , (21,28)][(28,53) , (45,67)][(38,31) , (41,54)][(28,4) , (45,31)][(8,13) , (13,30)][(21,62) , (30,67)]
ratio=2.0 Rectangles:[(1,68) , (3,69)]
ratio=2.0 Rectangles:[(34,49) , (36,52)]
ratio=2.0 Rectangles:[(4,60) , (6,62)]
ratio=4.102564102564102 Rectangles:[(25,57) , (30,62)][(37,30) , (54,64)][(10,6) , (15,13)][(25,25) , (42,34)]
ratio=2.0 Rectangles:[(20,59) , (22,62)][(23,23) , (25,49)]
ratio=4.3076923076923075 Rectangles:[(20,24) , (22,54)][(38,27) , (41,57)][(15,45) , (18,58)][(34,33) , (37,50)][(31,41) , (48,56)][(29,30) , (46,41)][(7,15) , (9,19)][(34,22) , (51,60)][(21,67) , (26,68)][(14,0) , (17,11)][(12,60) , (14,65)]
ratio=2.0 Rectangles:[(26,38) , (28,67)]
ratio=4.0 Rectangles:[(38,8) , (43,44)][(29,9) , (46,22)][(6,13) , (9,36)]
ratio=2.0 Rectangles:[(2,11) , (4,21)]
ratio=2.0 Rectangles:[(33,34) , (35,67)]
ratio=1.9428571428571428 Rectangles:[(19,8) , (24,48)][(21,36) , (38,63)][(5,34) , (22,63)][(14,56) , (16,61)][(15,42) , (20,60)]
