ratio=1.8214285714285714 Rectangles:[(67,47) , (90,89)][(62,28) , (87,77)]
32,28,96,89 

ratio=1.8 Rectangles:[(74,49) , (88,57)][(70,20) , (96,71)][(71,43) , (72,53)][(63,9) , (95,58)][(67,18) , (86,41)][(9,51) , (11,80)]
32,9,96,71 9,51,11,80 

ratio=1.814102564102564 Rectangles:[(34,35) , (76,98)][(80,47) , (86,96)][(45,6) , (90,22)][(55,89) , (62,92)][(66,20) , (99,33)][(6,18) , (29,51)][(84,44) , (85,81)][(7,19) , (41,92)][(25,44) , (54,82)][(1,25) , (90,45)]
0,6,128,98 

ratio=1.880952380952381 Rectangles:[(84,3) , (96,79)][(98,70) , (99,84)][(64,26) , (78,41)][(58,38) , (89,88)][(95,24) , (99,88)]
32,3,99,88 

ratio=1.8083333333333333 Rectangles:[(68,16) , (92,94)][(46,36) , (92,81)][(7,91) , (66,98)][(51,69) , (91,91)][(85,63) , (98,89)][(50,80) , (70,88)][(45,66) , (98,96)][(2,84) , (26,95)][(40,33) , (43,72)][(10,78) , (56,92)]
0,16,96,98 40,33,43,72 

ratio=1.8504672897196262 Rectangles:[(71,27) , (80,68)][(86,37) , (96,88)][(82,21) , (90,60)][(45,29) , (52,61)][(63,73) , (77,84)][(1,16) , (21,67)][(49,92) , (50,96)][(33,54) , (70,55)][(36,16) , (63,75)][(62,32) , (97,50)]
0,16,96,88 1,16,21,67 49,92,50,96 

ratio=1.9565217391304348 Rectangles:[(73,18) , (74,51)][(5,7) , (63,96)][(57,84) , (78,97)][(28,94) , (67,99)][(89,17) , (95,71)][(86,0) , (90,26)][(56,59) , (93,90)][(72,56) , (99,90)][(94,85) , (99,99)]
73,18,74,51 0,0,96,99 

ratio=1.819672131147541 Rectangles:[(81,19) , (92,77)][(94,52) , (98,96)][(82,8) , (94,93)][(80,32) , (82,47)][(94,13) , (95,14)][(33,33) , (34,63)][(59,45) , (68,61)][(55,66) , (94,74)][(64,51) , (76,92)][(83,53) , (88,61)]
0,8,96,96 33,33,34,63 

ratio=1.9497206703910615 Rectangles:[(2,12) , (36,74)][(13,70) , (34,91)][(66,64) , (83,97)][(31,74) , (84,86)][(3,23) , (42,33)][(93,29) , (99,75)][(58,89) , (79,94)][(27,70) , (78,93)][(52,61) , (99,63)][(60,32) , (63,74)]
0,12,96,97 

ratio=1.8842105263157896 Rectangles:[(62,57) , (91,96)][(30,47) , (63,60)][(75,54) , (84,74)][(80,40) , (86,71)][(31,47) , (56,90)][(84,70) , (95,85)][(88,3) , (97,4)][(56,81) , (98,90)][(80,58) , (96,95)]
0,40,96,96 88,3,97,4 

ratio=1.89247311827957 Rectangles:[(0,53) , (19,70)][(34,29) , (61,82)][(67,64) , (86,79)][(82,76) , (88,93)][(84,97) , (88,99)][(63,71) , (95,98)][(45,42) , (71,59)][(70,13) , (96,86)][(71,37) , (79,84)]
0,53,19,70 32,13,96,99 

ratio=2.0259740259740258 Rectangles:[(97,52) , (99,75)][(42,72) , (57,93)][(57,60) , (94,68)][(71,49) , (76,75)][(6,31) , (11,87)][(90,36) , (93,74)][(55,77) , (97,85)][(84,55) , (96,93)][(80,30) , (96,44)][(24,82) , (28,91)][(7,70) , (51,72)][(96,96) , (98,98)]
97,52,99,75 0,30,96,93 24,82,28,91 96,96,98,98 

ratio=1.9615384615384615 Rectangles:[(47,85) , (70,91)][(79,19) , (91,95)][(70,59) , (93,93)][(73,12) , (84,40)][(23,94) , (53,99)][(53,38) , (90,70)][(52,5) , (70,60)][(64,47) , (91,82)][(50,35) , (54,36)][(98,59) , (99,75)][(3,70) , (50,96)][(78,60) , (84,61)]
0,5,96,99 98,59,99,75 

ratio=1.871212121212121 Rectangles:[(65,0) , (66,17)][(6,57) , (46,78)][(67,13) , (84,95)][(32,46) , (54,65)][(4,55) , (28,84)][(86,48) , (96,77)][(69,68) , (94,98)][(89,22) , (95,76)][(43,74) , (60,84)][(10,70) , (60,72)][(33,31) , (73,92)]
65,0,66,17 0,13,96,98 

ratio=1.9662921348314606 Rectangles:[(32,59) , (43,80)][(71,61) , (91,79)][(65,46) , (66,76)][(25,73) , (58,96)][(34,21) , (49,75)][(81,42) , (99,96)][(43,23) , (89,70)]
0,21,96,96 

ratio=1.8333333333333333 Rectangles:[(71,58) , (98,73)][(62,44) , (87,68)][(64,32) , (94,97)]
32,32,96,97 

ratio=1.8930817610062893 Rectangles:[(79,40) , (96,83)][(44,53) , (97,67)][(86,3) , (97,52)][(66,53) , (91,79)][(98,44) , (99,79)][(20,3) , (66,86)][(13,24) , (65,87)][(53,18) , (94,43)][(89,12) , (96,28)][(23,70) , (60,78)][(28,97) , (36,98)][(76,20) , (77,44)]
0,3,96,87 98,44,99,79 28,97,36,98 

ratio=1.8070175438596492 Rectangles:[(70,47) , (99,97)][(68,28) , (91,48)][(46,43) , (58,64)][(69,47) , (88,73)][(46,47) , (94,70)][(42,36) , (47,76)][(4,78) , (47,89)][(16,74) , (50,99)][(71,16) , (82,39)]
0,16,96,99 

ratio=2.1538461538461537 Rectangles:[(16,36) , (47,48)][(91,13) , (96,75)][(60,35) , (65,96)][(14,24) , (80,85)][(34,36) , (62,73)][(73,69) , (85,81)][(63,90) , (69,98)][(62,3) , (98,27)][(67,75) , (88,79)][(56,62) , (91,75)][(68,45) , (78,61)][(45,11) , (46,83)]
0,3,128,98 

ratio=1.8679245283018868 Rectangles:[(71,62) , (90,99)][(81,86) , (84,93)][(72,5) , (84,94)][(10,9) , (20,39)][(95,83) , (97,99)][(7,16) , (52,87)][(32,36) , (49,37)][(76,5) , (77,46)][(0,79) , (11,87)][(48,84) , (82,99)][(90,32) , (96,93)]
0,5,96,99 

ratio=1.83125 Rectangles:[(13,12) , (69,91)][(71,27) , (79,68)][(0,38) , (6,66)][(87,24) , (97,99)][(72,37) , (73,55)][(92,74) , (95,96)][(9,75) , (56,84)][(98,0) , (99,31)][(58,47) , (97,64)][(75,78) , (86,85)][(55,1) , (77,75)][(59,30) , (96,42)]
0,1,96,99 0,38,6,66 98,0,99,31 75,78,86,85 

ratio=1.9578313253012047 Rectangles:[(89,30) , (96,89)][(19,84) , (54,87)][(74,64) , (99,91)][(8,90) , (55,92)][(37,70) , (96,77)][(94,0) , (97,99)][(3,84) , (23,96)][(84,12) , (91,52)][(85,73) , (94,87)][(31,31) , (39,97)][(2,54) , (38,90)][(41,52) , (79,71)]
0,0,96,99 

ratio=1.967741935483871 Rectangles:[(88,44) , (90,81)][(64,78) , (94,99)][(73,53) , (87,96)][(63,24) , (92,78)]
32,24,96,99 

ratio=1.9197080291970803 Rectangles:[(52,23) , (88,34)][(5,10) , (59,76)][(26,8) , (44,16)][(46,15) , (66,19)][(55,66) , (88,69)][(81,57) , (95,93)][(44,9) , (47,55)]
0,8,96,93 

ratio=1.874015748031496 Rectangles:[(66,16) , (67,93)][(18,35) , (24,84)][(68,7) , (81,83)][(20,3) , (31,64)][(80,39) , (85,91)][(90,88) , (98,91)][(1,53) , (16,87)][(6,65) , (54,86)][(71,42) , (93,99)][(5,20) , (53,22)][(2,87) , (41,88)][(63,46) , (97,55)][(84,36) , (90,89)][(12,89) , (72,94)][(26,68) , (69,98)][(47,6) , (75,85)]
0,3,96,99 

ratio=2.3970588235294117 Rectangles:[(28,27) , (31,76)][(69,23) , (71,69)][(34,34) , (61,97)][(25,20) , (38,59)][(31,12) , (62,76)][(66,38) , (85,89)][(45,58) , (64,62)][(59,67) , (88,80)]
0,12,96,97 

ratio=1.8876404494382022 Rectangles:[(42,2) , (72,45)][(56,3) , (94,83)][(35,13) , (48,80)][(61,48) , (87,60)][(87,35) , (98,54)][(73,59) , (85,60)][(64,8) , (94,36)]
0,2,96,83 

ratio=1.8101851851851851 Rectangles:[(0,37) , (96,85)][(41,61) , (79,67)][(15,0) , (40,59)][(84,5) , (88,88)][(43,70) , (56,96)][(24,80) , (68,89)][(86,40) , (92,96)][(7,9) , (22,48)][(18,36) , (97,95)][(37,45) , (95,46)][(63,51) , (98,60)][(62,43) , (99,51)]
0,0,128,96 

ratio=1.90625 Rectangles:[(94,54) , (99,59)][(18,75) , (27,81)][(86,44) , (94,97)][(39,81) , (72,84)][(64,28) , (67,49)][(88,76) , (92,80)][(77,52) , (99,61)][(12,42) , (15,77)][(90,68) , (93,87)][(83,81) , (98,90)][(70,28) , (87,69)][(76,32) , (94,63)][(61,12) , (94,57)][(16,53) , (75,98)][(59,34) , (80,86)][(10,62) , (73,77)]
0,12,96,98 

ratio=1.8243243243243243 Rectangles:[(73,15) , (87,98)][(45,74) , (81,86)][(22,90) , (58,94)][(16,1) , (22,90)][(11,87) , (19,91)][(39,90) , (58,98)][(40,83) , (91,99)][(55,27) , (92,68)][(62,61) , (95,80)][(93,64) , (98,97)][(28,38) , (64,95)][(39,55) , (69,97)]
0,1,96,99 

ratio=1.811764705882353 Rectangles:[(5,0) , (57,81)][(80,19) , (89,21)][(32,26) , (74,34)][(52,74) , (96,92)][(90,45) , (96,91)][(93,28) , (98,62)][(75,69) , (81,93)][(97,96) , (98,98)][(94,67) , (96,93)][(78,67) , (86,71)][(39,54) , (73,58)]
0,0,96,93 80,19,89,21 97,96,98,98 

