ratio=1.8187919463087248 Rectangles:[(62,95) , (99,97)][(60,49) , (92,82)][(67,29) , (81,40)][(66,34) , (97,99)][(54,47) , (97,64)][(28,21) , (91,95)][(35,47) , (66,91)][(6,26) , (26,51)][(14,32) , (53,79)][(18,47) , (89,72)][(69,37) , (80,56)][(89,73) , (96,77)]
ratio=1.7837837837837838 Rectangles:[(73,24) , (74,26)][(77,47) , (95,68)][(61,17) , (97,89)][(65,32) , (92,88)]
61,17,97,89 64,32,96,88 

ratio=2.047244094488189 Rectangles:[(44,17) , (55,39)][(33,20) , (43,42)][(43,44) , (48,55)][(96,56) , (97,66)][(56,44) , (72,91)][(12,0) , (88,78)][(84,50) , (89,63)][(85,25) , (93,41)][(0,51) , (92,84)][(1,59) , (57,84)]
0,0,128,78 33,20,43,42 0,44,92,84 96,56,97,66 0,44,64,91 

ratio=2.3055555555555554 Rectangles:[(65,3) , (95,67)][(25,10) , (46,78)][(34,34) , (64,92)][(34,36) , (71,40)][(30,23) , (75,51)][(85,68) , (87,72)]
0,3,96,67 0,10,64,92 85,68,87,72 

ratio=1.748091603053435 Rectangles:[(58,24) , (64,97)][(54,70) , (88,91)][(5,0) , (55,46)][(38,4) , (80,98)][(35,6) , (58,60)][(72,77) , (91,99)][(98,78) , (99,90)][(55,86) , (60,89)][(85,51) , (94,80)][(3,38) , (88,72)]
0,4,128,99 5,0,55,46 98,78,99,90 

ratio=2.0384615384615383 Rectangles:[(91,31) , (94,91)][(19,17) , (77,54)][(20,14) , (97,60)][(30,31) , (75,87)][(64,19) , (88,49)]
20,14,97,91 0,17,96,87 

ratio=1.766355140186916 Rectangles:[(69,43) , (83,79)][(62,41) , (81,64)][(9,51) , (60,67)][(23,12) , (76,78)][(52,27) , (64,55)][(40,76) , (63,84)][(3,19) , (9,32)][(33,9) , (69,84)][(74,44) , (87,67)]
0,9,80,84 9,51,60,67 3,19,9,32 

ratio=1.7383177570093458 Rectangles:[(19,37) , (36,75)][(93,68) , (94,83)][(85,75) , (97,99)][(49,62) , (66,67)][(94,45) , (97,62)][(38,24) , (69,46)][(41,47) , (43,76)][(49,21) , (91,97)][(38,23) , (94,45)]
19,37,36,75 0,21,96,99 49,62,66,67 38,23,97,62 38,24,69,46 41,47,43,76 

ratio=1.7920792079207921 Rectangles:[(4,60) , (37,80)][(38,49) , (45,93)][(76,61) , (95,93)][(32,58) , (75,60)][(44,32) , (86,98)][(52,23) , (77,84)][(23,50) , (51,80)]
0,50,64,80 0,32,64,98 32,23,96,93 

ratio=1.725 Rectangles:[(97,32) , (98,52)][(59,17) , (89,79)][(81,69) , (89,90)][(90,87) , (91,91)][(66,75) , (95,91)][(9,11) , (11,28)]
97,32,98,52 32,17,96,91 90,87,91,91 9,11,11,28 

ratio=1.9291338582677164 Rectangles:[(54,81) , (67,85)][(94,85) , (97,90)][(96,93) , (98,98)][(29,38) , (90,71)][(96,20) , (99,53)][(62,57) , (93,74)][(65,31) , (90,79)][(97,68) , (99,97)][(34,50) , (52,53)][(6,64) , (49,96)][(16,36) , (83,89)][(24,32) , (63,90)]
0,32,128,90 94,68,99,97 96,93,98,98 0,31,96,96 96,20,99,53 

ratio=1.9580419580419581 Rectangles:[(22,71) , (36,92)][(41,28) , (68,89)][(33,89) , (98,96)][(18,90) , (31,94)][(1,68) , (48,98)][(82,48) , (87,95)][(31,57) , (77,79)][(65,2) , (98,97)][(35,53) , (63,77)][(37,58) , (77,74)][(87,71) , (90,97)]
0,48,128,98 0,2,128,97 

ratio=1.8166666666666667 Rectangles:[(11,16) , (39,84)][(97,13) , (98,40)][(69,15) , (74,83)][(75,44) , (88,58)][(87,52) , (91,87)][(71,34) , (73,77)][(56,66) , (89,80)][(66,65) , (77,88)][(36,23) , (97,60)][(68,60) , (71,76)]
0,13,98,88 

