2.823529411764706 2.6666666666666665 2.0526315789473686 2.206896551724138 2.25 1.8181818181818181 2.3255813953488373 2.0 2.8 2.32 2.7058823529411766 2.0 1.92 2.142857142857143 2.8085106382978724 2.6666666666666665 2.3333333333333335 
3.032258064516129 2.3 2.4 2.6666666666666665 2.1333333333333333 2.7804878048780486 2.046511627906977 2.0 1.8823529411764706 2.3333333333333335 2.05 
3.1578947368421053 2.206896551724138 2.3333333333333335 2.0 2.193548387096774 2.2941176470588234 1.8888888888888888 2.533333333333333 2.1463414634146343 1.9148936170212767 2.2857142857142856 2.24 2.6666666666666665 2.051282051282051 
3.0 2.2 
3.0714285714285716 2.2790697674418605 2.1666666666666665 2.0 2.5714285714285716 2.0 2.4782608695652173 2.736842105263158 2.0 2.6511627906976742 2.121212121212121 2.235294117647059 2.260869565217391 2.896551724137931 2.0 2.3529411764705883 1.9310344827586208 2.0 2.3529411764705883 2.64 2.1333333333333333 1.8867924528301887 2.074074074074074 2.0 2.0952380952380953 2.0 2.413793103448276 2.4615384615384617 2.125 2.6037735849056602 2.5 2.3076923076923075 2.1904761904761907 2.05 2.4285714285714284 2.1875 2.4615384615384617 1.9444444444444444 2.357142857142857 1.9259259259259258 2.6315789473684212 2.0 
3.096774193548387 
3.24 
3.28 2.4615384615384617 
3.4 2.6666666666666665 1.9411764705882353 2.9714285714285715 2.4615384615384617 2.0526315789473686 2.488888888888889 2.3225806451612905 2.0 2.27027027027027 2.9714285714285715 2.6666666666666665 
3.5555555555555554 2.533333333333333 2.339622641509434 2.260869565217391 
3.1176470588235294 2.857142857142857 2.1818181818181817 2.230769230769231 2.6315789473684212 2.230769230769231 2.4615384615384617 2.0 
3.2 2.0 2.823529411764706 2.6 2.8333333333333335 2.25 2.6666666666666665 2.4166666666666665 2.4347826086956523 2.2545454545454544 2.6666666666666665 2.5161290322580645 2.5641025641025643 2.5 2.4444444444444446 2.5714285714285716 2.2325581395348837 2.08 2.057142857142857 
3.3548387096774195 2.5853658536585367 2.0 2.12 1.7297297297297298 2.7333333333333334 2.1621621621621623 2.4 2.1 2.869565217391304 2.6153846153846154 2.088888888888889 1.7894736842105263 2.2 2.4705882352941178 2.235294117647059 2.3181818181818183 2.9411764705882355 2.2051282051282053 1.9166666666666667 2.0 1.8 
3.2 2.0 2.2 2.5454545454545454 2.8 2.4444444444444446 2.125 2.0 2.4651162790697674 2.3684210526315788 2.3157894736842106 2.0 2.25 2.2857142857142856 2.2857142857142856 2.618181818181818 
3.0303030303030303 
3.04 2.727272727272727 2.4 2.054054054054054 2.75 2.8484848484848486 2.2 1.76 2.4615384615384617 
3.310344827586207 2.303030303030303 2.2222222222222223 1.8974358974358974 1.7777777777777777 2.0 2.0 2.0930232558139537 2.875 1.9047619047619047 
3.4285714285714284 
3.0 2.357142857142857 2.526315789473684 2.242424242424242 2.0869565217391304 2.1818181818181817 2.1739130434782608 2.4444444444444446 
3.135135135135135 2.25 
3.272727272727273 2.263157894736842 2.6666666666666665 2.32 
3.310344827586207 2.6666666666666665 2.1 2.0833333333333335 2.0 2.206896551724138 1.837837837837838 2.0 
3.5135135135135136 2.0 2.56 2.2 1.9130434782608696 2.048780487804878 2.4615384615384617 2.2857142857142856 2.048780487804878 1.8571428571428572 2.2790697674418605 2.888888888888889 
3.4166666666666665 2.5454545454545454 
3.1219512195121952 2.7142857142857144 2.4615384615384617 1.7777777777777777 2.3684210526315788 2.2857142857142856 1.6842105263157894 2.6 
3.0303030303030303 2.6153846153846154 2.066666666666667 2.7096774193548385 2.2962962962962963 
3.0 
3.0 2.3333333333333335 2.3076923076923075 2.0 2.3703703703703702 2.6666666666666665 2.5 2.0 2.6666666666666665 2.4 2.2758620689655173 2.3636363636363638 2.27027027027027 2.0 2.4324324324324325 2.0 2.2 2.193548387096774 2.0952380952380953 2.2857142857142856 1.945945945945946 2.3333333333333335 2.3125 
3.0 1.9393939393939394 2.923076923076923 2.142857142857143 2.8666666666666667 
3.310344827586207 2.6666666666666665 2.3333333333333335 2.7142857142857144 2.6666666666666665 2.1333333333333333 2.2857142857142856 2.25 2.0 2.046511627906977 2.4 2.0 
3.5555555555555554 2.6666666666666665 2.7111111111111112 2.75 2.6153846153846154 
3.2 2.3333333333333335 2.5714285714285716 
3.3 2.72 2.1666666666666665 2.1481481481481484 2.0 2.75 1.9090909090909092 2.625 2.6666666666666665 2.0 2.1052631578947367 2.7567567567567566 2.2758620689655173 
3.2 
3.12 2.4878048780487805 2.2222222222222223 2.25 2.392156862745098 
3.3333333333333335 2.933333333333333 2.6285714285714286 2.6153846153846154 2.413793103448276 2.2222222222222223 1.9428571428571428 2.3870967741935485 2.3333333333333335 2.619047619047619 1.8461538461538463 2.196078431372549 2.186046511627907 2.4 
3.764705882352941 1.7777777777777777 2.933333333333333 2.235294117647059 2.1739130434782608 2.8444444444444446 2.1 2.193548387096774 2.3846153846153846 2.0 2.56 2.16 2.2325581395348837 2.851063829787234 1.9259259259259258 2.0 2.2857142857142856 2.1333333333333333 2.32 
3.5555555555555554 2.25 2.0 2.0 2.4444444444444446 2.341463414634146 2.051282051282051 2.3 2.111111111111111 2.272727272727273 2.121212121212121 1.6363636363636365 2.4 2.533333333333333 2.097560975609756 2.2285714285714286 2.5714285714285716 2.0 2.057142857142857 2.24 2.0 2.6363636363636362 2.210526315789474 2.2222222222222223 2.5 2.5517241379310347 2.372093023255814 2.1714285714285713 2.6470588235294117 2.3684210526315788 2.5454545454545454 2.0 2.4761904761904763 2.15 2.0 2.1818181818181817 2.4444444444444446 2.689655172413793 2.0 1.8823529411764706 2.25 2.6363636363636362 2.2222222222222223 2.051282051282051 2.0 2.3076923076923075 2.4516129032258065 2.727272727272727 2.4615384615384617 2.6 2.7027027027027026 2.7037037037037037 2.1714285714285713 2.5106382978723403 
3.230769230769231 
3.2666666666666666 1.875 1.9310344827586208 2.4 2.2857142857142856 2.054054054054054 
3.466666666666667 2.25 1.8095238095238095 
3.3703703703703702 2.066666666666667 2.6363636363636362 
3.090909090909091 2.3333333333333335 2.3333333333333335 
3.0555555555555554 2.8333333333333335 
3.1 2.3333333333333335 2.0 2.1818181818181817 2.3529411764705883 2.6 2.6666666666666665 
3.310344827586207 
3.310344827586207 2.0 2.388888888888889 1.8461538461538463 2.7804878048780486 2.097560975609756 2.5641025641025643 2.611111111111111 2.8 2.4615384615384617 2.6315789473684212 2.6666666666666665 2.0 2.1538461538461537 2.926829268292683 2.4545454545454546 2.4761904761904763 1.6666666666666667 2.56 2.0 2.4285714285714284 2.5454545454545454 2.0 
3.142857142857143 2.3076923076923075 2.36734693877551 2.227272727272727 2.3333333333333335 2.2 2.4 1.8888888888888888 2.1666666666666665 2.3333333333333335 
3.130434782608696 2.6153846153846154 1.951219512195122 2.6363636363636362 2.466666666666667 2.4545454545454546 2.4 2.3225806451612905 2.1714285714285713 2.4347826086956523 2.0 2.380952380952381 
3.2 2.382978723404255 2.341463414634146 2.588235294117647 2.3529411764705883 2.4545454545454546 
3.4285714285714284 2.5238095238095237 2.7111111111111112 2.909090909090909 2.2857142857142856 2.372093023255814 2.0 2.7804878048780486 2.3333333333333335 2.0 2.9714285714285715 2.0 2.717948717948718 2.6666666666666665 2.2758620689655173 
3.4545454545454546 2.4615384615384617 2.972972972972973 2.25 2.1538461538461537 2.75 2.111111111111111 2.4186046511627906 2.2666666666666666 2.6666666666666665 
3.066666666666667 2.0 
3.0610328638497655 
3.2549019607843137 2.955223880597015 2.1294117647058823 2.5283018867924527 2.343859649122807 
3.0297029702970297 2.5705329153605017 2.7811860940695294 2.898550724637681 2.6551724137931036 2.849673202614379 2.1818181818181817 2.3333333333333335 2.914285714285714 2.4229607250755287 2.54014598540146 2.7197231833910034 
3.027027027027027 2.7413333333333334 2.2113821138211383 2.5974025974025974 2.548262548262548 2.596923076923077 2.65 2.5774647887323945 
3.372093023255814 2.731707317073171 2.3627450980392157 2.909090909090909 2.1714285714285713 2.8300653594771243 2.546419098143236 2.9415584415584415 2.559055118110236 
3.0 2.0 2.1476510067114094 2.824797843665768 2.7721822541966428 2.820846905537459 
3.2 2.642570281124498 2.1700879765395893 2.9107142857142856 2.627968337730871 2.5703125 
3.0067114093959733 2.394160583941606 2.769230769230769 2.6420323325635104 2.7111111111111112 
3.27007299270073 
3.5764705882352943 
3.002915451895044 2.9403508771929823 2.0 2.605714285714286 2.585858585858586 2.933333333333333 2.6618181818181816 2.7157190635451505 2.933333333333333 
3.0297029702970297 2.390728476821192 2.2928571428571427 2.917197452229299 2.5093457943925235 2.673521850899743 
3.2485549132947975 
3.310344827586207 2.8976377952755907 2.402930402930403 2.485074626865672 2.3513513513513513 2.789297658862876 2.4899598393574296 2.5723076923076924 2.744920993227991 
3.2 1.738562091503268 2.70926517571885 2.284313725490196 2.73972602739726 2.831858407079646 
3.0256410256410255 2.157303370786517 2.5 2.839378238341969 2.198473282442748 2.9473684210526314 2.1333333333333333 2.2196531791907512 2.2818181818181817 2.636604774535809 2.802325581395349 2.6887966804979255 2.909090909090909 2.7841409691629955 
3.0052083333333335 2.064516129032258 
3.0828402366863905 2.2816901408450705 2.186335403726708 2.7540983606557377 2.9411764705882355 2.6184210526315788 2.7628865979381443 2.269230769230769 2.088607594936709 
3.003095975232198 2.32183908045977 
3.4909090909090907 2.0208333333333335 2.5174825174825175 2.3707865168539324 2.0778443113772456 2.814070351758794 
3.072 
3.1794871794871793 2.7733333333333334 2.507936507936508 
3.04 2.909090909090909 2.8466257668711656 2.7049180327868854 2.4935064935064934 
3.087719298245614 2.953846153846154 
3.4405594405594404 2.56 2.265486725663717 2.561224489795918 2.6153846153846154 2.619565217391304 
3.0835443037974684 2.42080378250591 2.3294117647058825 
3.0059171597633134 2.7065868263473054 2.334310850439883 2.6666666666666665 2.2857142857142856 2.767605633802817 2.862222222222222 
3.0240963855421685 1.641025641025641 2.4186046511627906 
3.5 2.3448275862068964 2.935483870967742 2.776255707762557 2.6097560975609757 2.7945205479452055 2.3261538461538462 2.766497461928934 2.5161290322580645 2.6285714285714286 2.6956521739130435 1.8967136150234742 
3.066666666666667 2.7177033492822966 2.3703703703703702 
3.0588235294117645 2.4242424242424243 2.5876777251184833 2.230769230769231 2.635294117647059 2.821292775665399 2.3063063063063063 2.2468354430379747 2.7414634146341466 2.5416666666666665 2.6089385474860336 2.7593984962406015 2.5671641791044775 2.2937853107344632 
3.0 2.5503355704697985 2.3157894736842106 
3.174825174825175 2.7293233082706765 2.5638297872340425 2.625429553264605 2.3393939393939394 2.561264822134387 2.3316582914572863 2.5804195804195804 
3.2131147540983607 2.2023809523809526 2.3732590529247912 2.5128205128205128 2.6576819407008085 2.6016260162601625 2.9555555555555557 2.6472727272727274 2.9731800766283527 2.657004830917874 
3.2815533980582523 
3.111111111111111 2.203883495145631 2.858638743455497 
3.007751937984496 
3.12 
3.0448979591836736 
3.2 2.5092250922509227 
3.1219512195121952 2.613861386138614 2.823529411764706 2.504109589041096 
3.1648351648351647 
3.084967320261438 2.9292929292929295 
3.0 2.0 2.4659498207885306 2.6178861788617884 2.9417040358744395 2.496420047732697 2.4 2.302158273381295 2.4603580562659846 2.825278810408922 2.585858585858586 2.5090909090909093 2.547945205479452 2.9925373134328357 2.767857142857143 2.7387387387387387 2.711864406779661 
3.4035087719298245 2.8444444444444446 2.7564469914040113 2.341708542713568 2.9925925925925925 
3.079136690647482 2.2551440329218106 2.6666666666666665 2.225609756097561 2.3378378378378377 
3.040380047505938 2.241758241758242 
3.5324675324675323 
3.066666666666667 2.420289855072464 
3.5164835164835164 2.440993788819876 2.5448717948717947 2.945578231292517 2.807017543859649 2.440677966101695 2.742690058479532 2.711864406779661 2.414814814814815 2.832116788321168 2.320675105485232 
3.077244258872651 2.4615384615384617 2.909090909090909 2.8376068376068377 2.4551724137931035 2.206896551724138 2.6774193548387095 2.4791666666666665 2.752688172043011 
3.051987767584098 2.197802197802198 2.4444444444444446 2.407523510971787 2.9357798165137616 2.567901234567901 2.9854227405247813 2.513931888544892 2.6788990825688073 2.379821958456973 2.2857142857142856 2.6515151515151514 2.552567237163814 
3.0125 2.4879725085910653 2.761627906976744 
3.022222222222222 2.9361702127659575 
3.1466666666666665 2.7162162162162162 2.613861386138614 2.6707317073170733 
3.236641221374046 
3.1842105263157894 2.649076517150396 2.6016260162601625 2.4227129337539433 2.697142857142857 2.425196850393701 2.16 2.7002652519893897 2.72636815920398 2.5045871559633026 2.9559322033898305 2.5953177257525084 2.2535211267605635 
3.074829931972789 2.2127659574468086 2.262443438914027 2.633744855967078 2.5182724252491693 2.876923076923077 2.2054794520547945 2.6108786610878663 
3.3267326732673266 
3.002832861189802 2.4957264957264957 2.2857142857142856 2.533333333333333 2.3908045977011496 2.426470588235294 2.547945205479452 2.670076726342711 2.6363636363636362 2.5134099616858236 2.7676767676767677 2.8043478260869565 2.6584615384615384 2.547945205479452 2.827751196172249 2.7009345794392523 2.875 
3.4408602150537635 
3.135135135135135 2.553524804177546 2.24031007751938 2.382978723404255 2.4688427299703264 2.7563636363636363 2.4246575342465753 2.5365853658536586 2.5093167701863353 2.658959537572254 2.6842105263157894 2.8862745098039215 2.6704225352112676 2.9743589743589745 2.8444444444444446 2.6666666666666665 2.449760765550239 1.830188679245283 2.5585585585585586 2.857142857142857 2.135593220338983 2.759183673469388 2.5043478260869567 2.3846153846153846 2.4489795918367347 2.7733333333333334 2.1273408239700373 2.958904109589041 2.6486486486486487 2.810198300283286 2.7570621468926553 2.83206106870229 2.578005115089514 2.180451127819549 2.757493188010899 
3.6739130434782608 2.579234972677596 2.547945205479452 2.959409594095941 2.832684824902724 2.7936507936507935 2.1492537313432836 2.715025906735751 2.708994708994709 2.36 2.5364431486880465 
3.096774193548387 2.5559105431309903 2.466321243523316 2.4125 2.9437229437229435 2.5714285714285716 2.6319218241042344 2.6468646864686467 2.730964467005076 2.574324324324324 2.7107438016528924 2.559485530546624 2.5989583333333335 2.786279683377309 2.379182156133829 2.2653061224489797 
3.0686567164179106 2.765432098765432 2.5185185185185186 2.6556291390728477 2.7906976744186047 2.9197080291970803 2.9365558912386707 2.6951219512195124 1.3877551020408163 
3.595505617977528 2.8436578171091447 2.663101604278075 2.547112462006079 2.769230769230769 
3.158469945355191 2.3943661971830985 2.6558704453441297 2.6315789473684212 2.282828282828283 2.576923076923077 2.0 
3.2 2.7209302325581395 1.922680412371134 2.533333333333333 
3.282051282051282 2.282527881040892 2.2790697674418605 2.8650306748466257 2.4339622641509435 
3.1363636363636362 2.4157706093189963 2.7219917012448134 2.7474747474747474 2.672727272727273 2.765625 2.634831460674157 
3.2088888888888887 2.810289389067524 
3.042654028436019 2.2222222222222223 2.5754985754985755 2.953020134228188 2.660287081339713 
3.2941176470588234 
3.1310861423220975 2.6395939086294415 
3.764705882352941 2.9424460431654675 
3.4594594594594597 2.3722943722943723 1.7391304347826086 2.5839416058394162 2.735042735042735 2.9661538461538464 2.7601078167115904 
3.0464396284829722 2.833855799373041 2.9859943977591037 2.606060606060606 2.5467625899280577 2.649484536082474 2.8 2.448687350835322 2.5645645645645647 
3.2977099236641223 2.491582491582492 1.9439252336448598 
3.4105263157894736 2.953846153846154 2.29126213592233 
3.02803738317757 
3.024154589371981 2.536796536796537 2.746177370030581 2.4615384615384617 
3.4198473282442747 2.7027027027027026 
3.004405286343612 
3.027027027027027 2.6877828054298645 2.1739130434782608 2.3195876288659796 2.565934065934066 2.970464135021097 2.9793103448275864 2.912442396313364 
3.037037037037037 2.6666666666666665 2.440677966101695 2.4455205811138017 2.4444444444444446 2.5225225225225225 2.7875 
3.1372549019607843 2.4506329113924052 2.256198347107438 2.4 2.96 2.88339222614841 2.25 2.8221574344023326 2.5088757396449703 2.6042553191489364 2.5454545454545454 
3.764705882352941 2.359447004608295 2.9276315789473686 1.9760479041916168 2.5689655172413794 2.8383838383838382 2.309433962264151 2.6125 2.593984962406015 2.332179930795848 2.0095693779904304 2.887218045112782 2.58974358974359 2.735376044568245 2.416918429003021 2.912280701754386 
3.282051282051282 
3.036144578313253 2.8550368550368552 
3.282051282051282 2.8278688524590163 2.5327868852459017 2.8796296296296298 2.3902439024390243 2.73972602739726 2.9049773755656108 2.3703703703703702 2.208955223880597 2.620347394540943 2.6666666666666665 2.683274021352313 2.2232142857142856 2.3068181818181817 2.752688172043011 2.292682926829268 
3.1219512195121952 2.723404255319149 2.734006734006734 2.887323943661972 
3.4266666666666667 2.8634686346863467 2.2748815165876777 2.0 2.8275862068965516 2.751381215469613 2.722741433021807 2.6 2.1333333333333333 
3.0822510822510822 2.6987951807228914 
3.3015873015873014 2.0 2.207792207792208 2.0 2.2955665024630543 2.928870292887029 2.196078431372549 2.7384615384615385 2.5875706214689265 2.327272727272727 2.792452830188679 
3.074829931972789 2.6666666666666665 2.804428044280443 2.721311475409836 2.2753623188405796 
3.0414201183431953 2.2857142857142856 2.380952380952381 2.604651162790698 
3.109170305676856 
3.12 2.487935656836461 2.725552050473186 2.030690537084399 2.904255319148936 2.70076726342711 2.7701492537313435 
3.375 
3.65625 2.4615384615384617 
3.038123167155425 2.9458823529411764 2.5341614906832297 2.6666666666666665 2.335570469798658 2.82183908045977 2.3836734693877553 2.6770833333333335 2.6740331491712706 
3.027027027027027 2.4935064935064934 2.735294117647059 2.6666666666666665 2.812121212121212 2.816326530612245 2.72192513368984 2.258241758241758 2.9906542056074765 2.2857142857142856 2.7286821705426356 2.8516129032258064 2.3703703703703702 2.527027027027027 2.624338624338624 
3.0 2.75 2.9166666666666665 2.4719101123595504 2.5145631067961167 2.311284046692607 2.4910179640718564 2.697674418604651 2.9242424242424243 2.1818181818181817 2.9217391304347826 2.56 2.7096774193548385 2.8205128205128207 2.477272727272727 2.9879518072289155 2.1333333333333333 2.4974093264248705 2.3464566929133857 2.782608695652174 2.8444444444444446 
3.11340206185567 2.6956521739130435 2.3157894736842106 2.25 2.4719101123595504 2.5754716981132075 2.384105960264901 2.1311475409836067 2.4358974358974357 2.3636363636363638 2.1772151898734178 2.375 2.4324324324324325 2.5 2.2814814814814817 2.2754491017964074 2.4150943396226414 2.558139534883721 
3.096774193548387 2.386138613861386 2.3229166666666665 2.3314285714285714 
3.657142857142857 2.1941747572815533 
3.2 2.4871794871794872 2.839080459770115 2.0 2.5058823529411764 2.6621621621621623 2.2838709677419353 2.785425101214575 2.25 2.101010101010101 2.606741573033708 2.3132530120481927 2.4615384615384617 2.4539877300613497 2.2857142857142856 2.356521739130435 2.0377358490566038 2.892703862660944 2.2857142857142856 2.2470588235294118 2.5020576131687244 2.522875816993464 2.607142857142857 2.2452830188679247 
3.4594594594594597 2.3085714285714287 2.0 2.2 2.206896551724138 2.682634730538922 2.5714285714285716 2.6482758620689655 
3.1137724550898205 2.2033898305084745 2.4615384615384617 2.0240963855421685 2.2900763358778624 2.4788732394366195 2.276923076923077 2.4 2.298507462686567 2.6666666666666665 2.34 2.4358974358974357 2.355828220858896 2.56 2.0869565217391304 2.169491525423729 2.513089005235602 2.5443037974683542 2.55045871559633 2.2857142857142856 2.2831858407079646 
3.272727272727273 2.9206349206349205 2.2666666666666666 2.877005347593583 2.681318681318681 2.6266666666666665 2.6923076923076925 2.6875 2.4742268041237114 
3.4285714285714284 2.4550898203592815 2.689655172413793 2.2954545454545454 2.410958904109589 
3.0779220779220777 
3.5833333333333335 2.896969696969697 2.492462311557789 2.0851063829787235 1.9811320754716981 2.5060240963855422 2.6785714285714284 2.632911392405063 2.2594594594594595 2.677685950413223 2.3870967741935485 2.1333333333333333 2.25 2.736842105263158 2.712328767123288 2.9344978165938866 2.4957264957264957 2.4583333333333335 
3.5609756097560976 2.5208333333333335 2.4545454545454546 2.5942857142857143 2.537313432835821 2.45 2.485294117647059 2.1 2.6666666666666665 2.4146341463414633 2.235294117647059 2.616915422885572 2.3013698630136985 2.6 2.8115942028985508 2.291891891891892 2.3270440251572326 2.4615384615384617 2.5 2.5762711864406778 2.7733333333333334 2.4052287581699345 2.4395604395604398 2.4 2.4615384615384617 
3.310344827586207 2.6575342465753424 2.857142857142857 2.0555555555555554 2.1565217391304348 2.893617021276596 2.1204819277108435 2.0671140939597317 2.4941176470588236 2.496551724137931 2.4976076555023923 2.4827586206896552 2.736842105263158 2.276150627615063 2.573529411764706 2.3289473684210527 2.5308641975308643 2.1333333333333333 2.2261904761904763 2.131868131868132 2.406417112299465 2.3157894736842106 2.5739130434782607 2.441666666666667 2.4301075268817205 2.953846153846154 2.606060606060606 2.2872340425531914 2.5405405405405403 2.1770833333333335 2.823529411764706 2.541436464088398 2.4776119402985075 2.2857142857142856 2.6739130434782608 2.0840336134453783 2.255813953488372 2.5125 2.24 2.6153846153846154 2.7107438016528924 2.9361702127659575 2.632768361581921 2.51 2.4 2.659340659340659 2.236111111111111 2.6875 2.397163120567376 2.3627450980392157 2.381679389312977 2.1621621621621623 2.7796610169491527 2.5276073619631902 2.201117318435754 
3.014705882352941 2.245614035087719 2.9767441860465116 2.2941176470588234 2.40343347639485 2.510204081632653 2.466666666666667 1.8840579710144927 2.396039603960396 2.6233766233766236 2.4545454545454546 
3.1666666666666665 2.172043010752688 
3.764705882352941 2.347417840375587 2.717948717948718 2.4380952380952383 
3.0476190476190474 2.6923076923076925 2.1925925925925926 2.386740331491713 2.235294117647059 
3.0114942528735633 2.488262910798122 2.446280991735537 2.2972972972972974 2.2433862433862433 2.2295081967213113 2.334841628959276 2.4893617021276597 2.506666666666667 2.447058823529412 2.0549450549450547 2.8349514563106797 2.0 1.8840579710144927 2.329896907216495 2.315151515151515 2.165938864628821 2.9152542372881354 
3.0 2.146892655367232 2.64 2.787878787878788 2.262295081967213 2.0869565217391304 2.283333333333333 2.228187919463087 2.4477611940298507 2.3259911894273126 2.324607329842932 2.097777777777778 2.46927374301676 2.3225806451612905 2.238341968911917 2.357142857142857 2.2158273381294964 2.6666666666666665 2.23943661971831 2.4424778761061945 2.2650602409638556 2.5836575875486383 2.466666666666667 
3.033557046979866 2.933333333333333 2.409090909090909 2.4607843137254903 2.5982905982905984 2.663677130044843 2.685082872928177 2.4516129032258065 2.7751937984496124 2.1777777777777776 2.5365853658536586 2.3380281690140845 2.986666666666667 2.193877551020408 2.2857142857142856 2.4615384615384617 
3.239819004524887 2.33 2.557213930348259 2.4732824427480917 2.161849710982659 2.5185185185185186 2.938388625592417 2.737864077669903 2.358974358974359 2.2127659574468086 
3.2941176470588234 2.099009900990099 2.5606060606060606 2.3222222222222224 2.243478260869565 2.100558659217877 2.7376425855513307 2.4166666666666665 2.1414141414141414 2.5025641025641026 2.4070796460176993 2.6358381502890174 2.71356783919598 2.7012987012987013 2.323232323232323 2.823529411764706 2.4 
3.0654205607476634 2.1374045801526718 2.272727272727273 2.382978723404255 2.476923076923077 2.3076923076923075 2.370967741935484 2.731707317073171 2.1818181818181817 2.5692307692307694 2.4285714285714284 2.0431654676258995 2.382978723404255 
3.0 2.439306358381503 2.3859649122807016 2.169491525423729 2.339622641509434 2.3 2.784313725490196 2.274678111587983 2.27027027027027 2.4210526315789473 2.9690721649484537 2.2222222222222223 2.7341772151898733 2.269767441860465 2.6666666666666665 2.375 2.651685393258427 2.768627450980392 
3.1824817518248176 2.2176165803108807 2.72 2.298342541436464 2.870967741935484 2.1875 2.547945205479452 2.6825396825396823 2.909090909090909 2.3711340206185567 2.4433497536945814 2.546341463414634 2.1346153846153846 2.7777777777777777 2.9282296650717705 2.8333333333333335 2.090909090909091 2.0851063829787235 2.651685393258427 2.5090909090909093 2.1420118343195265 2.663793103448276 2.7745664739884393 2.6798029556650245 2.227450980392157 2.56 2.5 2.0 2.240343347639485 2.7 2.1777777777777776 2.909090909090909 2.306122448979592 2.392523364485981 2.3455882352941178 2.769230769230769 
3.037037037037037 2.0 2.859437751004016 2.090909090909091 2.4313725490196076 2.061224489795918 2.6407766990291264 2.2771084337349397 2.7719298245614037 2.2222222222222223 2.254777070063694 2.5121951219512195 2.376068376068376 2.4382470119521913 2.0253164556962027 2.2666666666666666 2.3255813953488373 2.4296296296296296 2.488038277511962 2.857142857142857 2.1052631578947367 2.6666666666666665 2.622950819672131 2.217391304347826 2.3803680981595092 2.4583333333333335 2.704225352112676 
3.014925373134328 2.3333333333333335 2.488888888888889 2.5026178010471205 2.5084745762711864 2.207547169811321 2.352 2.857142857142857 
3.3684210526315788 2.1956521739130435 2.9747899159663866 2.3838383838383836 2.4096385542168677 2.3255813953488373 2.311111111111111 2.4464285714285716 
3.076923076923077 2.71889400921659 2.6666666666666665 2.23121387283237 2.1242937853107344 2.0806451612903225 2.6451612903225805 2.7384615384615385 2.717557251908397 2.1481481481481484 
3.310344827586207 2.45933014354067 2.4220183486238533 2.4954128440366974 2.1176470588235294 2.4299065420560746 2.608695652173913 2.3486238532110093 2.17687074829932 2.112676056338028 2.1333333333333333 2.5945945945945947 2.376237623762376 2.2 2.2906976744186047 2.230769230769231 
3.0505050505050506 2.5757575757575757 2.6133333333333333 2.2690058479532165 2.2857142857142856 2.3698630136986303 2.56551724137931 2.311688311688312 2.3392857142857144 2.1333333333333333 2.365296803652968 2.257142857142857 2.4266666666666667 2.693877551020408 2.324324324324324 2.55 2.2824858757062145 2.1149425287356323 2.591549295774648 
3.1881188118811883 2.14070351758794 2.090909090909091 2.1382978723404253 2.1954887218045114 2.4751381215469612 2.823529411764706 2.068027210884354 2.635294117647059 2.5641025641025643 2.3132530120481927 2.6666666666666665 2.6 2.674698795180723 2.4615384615384617 2.7254901960784315 2.5306122448979593 2.632258064516129 2.6666666666666665 2.375 2.344 2.358974358974359 2.4468085106382977 2.5477707006369426 2.4545454545454546 2.5694444444444446 2.962962962962963 2.297029702970297 2.2691131498470947 
3.096774193548387 2.3375 2.1379310344827585 2.433333333333333 2.31055900621118 2.310077519379845 2.2531645569620253 2.6666666666666665 2.8531468531468533 2.050314465408805 2.7484662576687118 2.4685714285714284 2.639455782312925 2.787878787878788 2.838709677419355 2.206896551724138 2.531073446327684 2.4516129032258065 2.417910447761194 2.690265486725664 2.5 2.4 2.3141361256544504 2.7719298245614037 2.1797752808988764 2.796116504854369 2.376068376068376 2.0317460317460316 2.5694444444444446 2.5098039215686274 2.09009009009009 2.6666666666666665 2.677685950413223 2.5603864734299515 2.5692307692307694 2.3391812865497075 2.9909090909090907 2.2458100558659218 2.1894736842105265 2.216867469879518 2.293577981651376 2.27027027027027 2.3541666666666665 2.658536585365854 2.857142857142857 2.2268041237113403 2.392156862745098 2.535211267605634 2.5396825396825395 2.5228215767634854 2.4444444444444446 2.298342541436464 2.5139664804469275 2.278481012658228 2.7287449392712553 2.963636363636364 2.25 2.5742574257425743 2.2153846153846155 2.0625 2.08955223880597 2.5982905982905984 2.9885057471264367 2.156862745098039 2.684563758389262 2.3698630136986303 2.2560975609756095 1.9793814432989691 
3.089655172413793 2.7169811320754715 2.56 2.169491525423729 2.608695652173913 2.776978417266187 2.380952380952381 2.6358381502890174 2.411764705882353 
3.1 2.5 2.8444444444444446 2.75 2.3178807947019866 2.061224489795918 2.074074074074074 2.109375 2.4525547445255476 2.8627450980392157 2.392523364485981 
3.2 2.5762711864406778 
3.096774193548387 2.4074074074074074 2.7549668874172184 2.6315789473684212 2.3503649635036497 2.406417112299465 2.686868686868687 2.555066079295154 2.909090909090909 2.4782608695652173 2.47244094488189 2.6530612244897958 2.4321608040201004 2.32 2.172972972972973 2.5 2.130081300813008 2.6470588235294117 2.106060606060606 2.3294117647058825 2.4833333333333334 2.4516129032258065 2.4301075268817205 2.0923076923076924 
3.0476190476190474 2.601769911504425 2.360248447204969 2.7746478873239435 2.3423423423423424 2.624 2.453038674033149 2.8290155440414506 2.3963963963963963 2.1894736842105265 2.6303030303030304 2.909090909090909 2.3645833333333335 2.406779661016949 2.694610778443114 2.0813008130081303 2.452830188679245 2.419753086419753 2.09375 2.4210526315789473 2.763358778625954 2.1538461538461537 
3.2 
3.2 2.47741935483871 2.288659793814433 2.198757763975155 
3.2280701754385963 2.2014388489208634 2.2110552763819094 2.3535353535353534 2.2406015037593985 
3.027027027027027 2.3548387096774195 2.2183406113537116 2.2253521126760565 2.3255813953488373 2.6440677966101696 2.7768595041322315 2.225988700564972 2.6724890829694323 2.979591836734694 2.116788321167883 2.5494505494505493 1.9224806201550388 2.430939226519337 2.1333333333333333 2.2200956937799043 2.5477707006369426 
3.272727272727273 2.3492063492063493 2.6588235294117646 2.7157894736842105 2.7540983606557377 2.730538922155689 2.202247191011236 
3.259259259259259 2.3214285714285716 2.1607142857142856 2.6486486486486487 2.375 2.8 2.2790697674418605 2.1923076923076925 2.782608695652174 
3.076923076923077 2.189189189189189 2.63265306122449 2.3191489361702127 
3.0817610062893084 2.5396825396825395 
3.142857142857143 2.396039603960396 2.3434343434343434 2.1728395061728394 2.8053691275167787 2.2200956937799043 2.226086956521739 2.823529411764706 2.6666666666666665 2.5040650406504064 2.5161290322580645 
3.8309859154929575 2.88 2.3176470588235296 2.5289256198347108 2.396135265700483 
3.017301038062284 2.271604938271605 2.4363636363636365 2.3759398496240602 
3.272727272727273 
3.096774193548387 2.2745098039215685 2.2752293577981653 
3.087719298245614 1.9736842105263157 2.2595419847328246 2.289156626506024 2.310344827586207 
4.0 2.6987951807228914 2.1714285714285713 2.953020134228188 2.5806451612903225 2.7107438016528924 2.7 
3.2 2.6666666666666665 2.5866666666666664 
3.4594594594594597 2.5454545454545454 2.0 2.857142857142857 2.380952380952381 2.938775510204082 2.635294117647059 1.8928571428571428 2.5323741007194243 2.6666666666666665 
3.0387596899224807 2.5846153846153848 2.5714285714285716 2.810810810810811 2.933333333333333 2.2528735632183907 2.3974358974358974 
3.4782608695652173 2.727272727272727 1.9142857142857144 2.7586206896551726 2.4957264957264957 
3.0088495575221237 2.411764705882353 2.1866666666666665 2.869565217391304 2.6346153846153846 2.9026548672566372 2.2325581395348837 2.2127659574468086 2.588235294117647 2.7160493827160495 2.028169014084507 
3.2 2.164705882352941 2.489795918367347 
3.1363636363636362 2.857142857142857 2.197802197802198 2.831858407079646 2.55 2.706896551724138 2.9473684210526314 2.875 2.6608695652173915 2.2413793103448274 2.208 2.382978723404255 2.16 
3.0526315789473686 2.772727272727273 2.4827586206896552 2.206896551724138 2.0776699029126213 2.602409638554217 2.3908045977011496 2.5142857142857142 2.357142857142857 2.5892857142857144 2.3333333333333335 2.442105263157895 
3.027027027027027 2.7435897435897436 2.7286821705426356 
3.267605633802817 2.765432098765432 2.5454545454545454 2.25 2.616822429906542 
3.274336283185841 
3.3333333333333335 2.546448087431694 2.523076923076923 2.0 
3.142857142857143 
3.7333333333333334 2.5945945945945947 2.7857142857142856 2.923076923076923 2.8347826086956522 
3.238095238095238 2.9491525423728815 
3.2 
3.2 2.305084745762712 2.493827160493827 2.9166666666666665 2.6029411764705883 2.1016949152542375 
3.2 2.92 2.1481481481481484 2.2857142857142856 2.23728813559322 2.4285714285714284 2.297872340425532 
3.3333333333333335 
3.0588235294117645 2.6666666666666665 2.953846153846154 2.0 2.0 2.6551724137931036 
3.6666666666666665 
3.1746031746031744 2.857142857142857 2.782608695652174 2.63265306122449 2.7160493827160495 2.4186046511627906 2.2903225806451615 
3.2 2.3658536585365852 2.4935064935064934 2.6129032258064515 2.735042735042735 
3.310344827586207 2.6666666666666665 2.526315789473684 2.206896551724138 2.6666666666666665 2.6666666666666665 
3.011764705882353 2.92 2.2222222222222223 2.92 2.5060240963855422 2.4871794871794872 
3.3548387096774195 2.3666666666666667 
3.096774193548387 2.488888888888889 2.3777777777777778 2.7450980392156863 2.197802197802198 2.5806451612903225 1.9523809523809523 2.1333333333333333 
3.0476190476190474 2.5 2.6666666666666665 2.6923076923076925 2.723404255319149 2.4571428571428573 
3.675675675675676 2.942528735632184 2.8260869565217392 2.901098901098901 2.5205479452054793 2.6666666666666665 2.9295774647887325 2.909090909090909 
3.0 
3.2 2.4615384615384617 2.618181818181818 
4.0 2.802919708029197 2.5833333333333335 2.7586206896551726 
3.0303030303030303 2.0 2.656934306569343 2.2857142857142856 2.3157894736842106 2.4554455445544554 2.1666666666666665 
3.3684210526315788 2.684931506849315 2.621212121212121 2.511627906976744 2.732394366197183 2.5316455696202533 
3.229357798165138 2.735294117647059 
3.3333333333333335 2.0923076923076924 2.3434343434343434 2.6818181818181817 2.6666666666666665 2.375 2.769230769230769 2.8095238095238093 2.642857142857143 
3.011764705882353 2.901098901098901 2.2442748091603053 2.4242424242424243 2.8333333333333335 2.891089108910891 2.857142857142857 
3.324675324675325 2.131868131868132 2.3333333333333335 2.4954128440366974 
3.0476190476190474 2.8828828828828827 2.466666666666667 2.4705882352941178 2.2641509433962264 2.4715447154471546 2.9591836734693877 2.2857142857142856 2.0 
3.0 2.823529411764706 
3.3 2.558139534883721 1.8571428571428572 
3.0454545454545454 2.108527131782946 2.3859649122807016 2.0 1.8 2.857142857142857 2.604651162790698 2.909090909090909 
3.146067415730337 2.0588235294117645 1.8024691358024691 2.5254237288135593 2.8051948051948052 2.2739726027397262 2.797202797202797 2.216666666666667 2.2857142857142856 
3.183673469387755 2.2264150943396226 
3.1515151515151514 2.4615384615384617 2.8923076923076922 2.0416666666666665 2.5436893203883497 2.8275862068965516 2.488888888888889 2.6153846153846154 2.8333333333333335 2.933333333333333 
3.4782608695652173 2.9272727272727272 2.7 2.08955223880597 
3.3488372093023258 2.4642857142857144 
3.2323232323232323 2.823529411764706 
3.212121212121212 2.4390243902439024 2.8852459016393444 1.951219512195122 
3.1186440677966103 2.277227722772277 
3.2 2.4954128440366974 
3.0476190476190474 
3.1219512195121952 2.5806451612903225 2.5945945945945947 2.769230769230769 2.8354430379746836 2.5714285714285716 2.526315789473684 
3.2 2.5945945945945947 2.6133333333333333 2.9879518072289155 
3.2439024390243905 
3.1130434782608694 
3.0 2.626865671641791 2.8739495798319328 
3.0364963503649633 2.906474820143885 2.711864406779661 2.9767441860465116 2.685185185185185 2.125 2.3157894736842106 2.064516129032258 2.586206896551724 2.8292682926829267 2.466666666666667 2.382978723404255 2.6530612244897958 2.742857142857143 2.6493506493506493 2.864864864864865 2.5714285714285716 2.632911392405063 
3.2542372881355934 2.4 2.0 2.4727272727272727 2.4615384615384617 2.2790697674418605 
3.393939393939394 2.7586206896551726 2.382608695652174 2.1818181818181817 2.56 
3.3684210526315788 2.5434782608695654 
3.0476190476190474 2.730769230769231 
3.372093023255814 2.6666666666666665 2.6511627906976742 2.9411764705882355 2.097560975609756 2.8181818181818183 2.206896551724138 
3.2 
3.1153846153846154 2.3 2.9690721649484537 2.823529411764706 2.549019607843137 
3.238095238095238 2.4186046511627906 2.6530612244897958 2.1333333333333333 2.9615384615384617 2.909090909090909 1.68 
3.142857142857143 
4.705882352941177 2.6575342465753424 2.618181818181818 2.036363636363636 
3.4594594594594597 2.9767441860465116 2.324324324324324 2.0 2.4788732394366195 2.806451612903226 
3.0 2.3046357615894038 2.8780487804878048 2.7157894736842105 2.909090909090909 2.533333333333333 2.1818181818181817 2.0 2.909090909090909 2.56 2.933333333333333 2.9318181818181817 2.0789473684210527 2.7866666666666666 2.2033898305084745 2.6486486486486487 2.59375 2.3132530120481927 2.606741573033708 2.607142857142857 2.765432098765432 2.5454545454545454 2.10989010989011 2.909090909090909 2.639344262295082 
3.0344827586206895 2.4615384615384617 2.5714285714285716 2.526315789473684 2.6194690265486726 2.7333333333333334 2.711864406779661 
3.0843373493975905 2.803738317757009 2.4615384615384617 2.7884615384615383 2.909090909090909 2.5137614678899083 2.7191011235955056 2.404494382022472 2.5142857142857142 2.1666666666666665 2.9454545454545453 
3.036144578313253 2.7027027027027026 2.6885245901639343 
3.0153846153846153 2.869565217391304 2.5454545454545454 2.2153846153846155 2.0851063829787235 2.0350877192982457 2.4545454545454546 2.4285714285714284 2.3055555555555554 2.935251798561151 2.618181818181818 
3.0843373493975905 2.1818181818181817 2.206896551724138 2.2857142857142856 
3.3333333333333335 2.4615384615384617 2.6407766990291264 2.7012987012987013 2.5454545454545454 2.227272727272727 2.635294117647059 2.2 2.9166666666666665 2.2580645161290325 2.6875 2.851063829787234 2.152173913043478 2.2413793103448274 2.2758620689655173 2.2745098039215685 2.6666666666666665 2.618181818181818 2.4 2.503401360544218 2.327272727272727 
3.008130081300813 2.5 2.0 2.25 2.9906542056074765 2.7107438016528924 2.3181818181818183 2.2337662337662336 2.0 2.814814814814815 2.136986301369863 2.2531645569620253 2.9565217391304346 2.3902439024390243 2.764705882352941 2.0 
3.5 2.9156626506024095 2.96 2.231578947368421 
3.2 2.6122448979591835 2.927536231884058 2.206896551724138 2.962962962962963 2.1818181818181817 2.782608695652174 2.977777777777778 
3.066666666666667 2.6315789473684212 2.4047619047619047 2.725663716814159 2.3703703703703702 1.87012987012987 2.1315789473684212 2.632911392405063 2.242424242424242 2.9649122807017543 2.7341772151898733 2.632911392405063 
3.075 2.590909090909091 2.4615384615384617 2.3956043956043955 2.9722222222222223 2.4806201550387597 
3.0 
3.1666666666666665 2.25 2.7857142857142856 2.588235294117647 2.541176470588235 2.32 2.488888888888889 2.25 2.7083333333333335 2.5217391304347827 
3.2 2.297872340425532 2.8 2.961038961038961 2.5346534653465347 2.9391304347826086 2.3333333333333335 2.1621621621621623 2.909090909090909 2.5 2.6530612244897958 2.1481481481481484 1.8484848484848484 2.3333333333333335 2.4347826086956523 2.5714285714285716 2.259259259259259 2.8125 
3.017857142857143 
3.0303030303030303 2.7532467532467533 2.174757281553398 2.8689655172413793 2.694736842105263 2.3877551020408165 2.5205479452054793 2.511627906976744 
3.0476190476190474 
3.076923076923077 2.586206896551724 
3.0476190476190474 2.256 2.8444444444444446 2.7216494845360826 2.5555555555555554 2.56 2.475 2.4347826086956523 2.382978723404255 
3.0545454545454547 2.8333333333333335 2.7804878048780486 
3.4 2.1333333333333333 
3.096774193548387 2.4788732394366195 2.761904761904762 2.382978723404255 1.794871794871795 2.4347826086956523 2.2857142857142856 2.727272727272727 1.6842105263157894 2.5454545454545454 2.1818181818181817 2.4948453608247423 2.365217391304348 2.7547169811320753 2.632911392405063 2.1333333333333333 
3.2888888888888888 2.962962962962963 2.5945945945945947 2.16 2.3555555555555556 
3.2888888888888888 
3.2280701754385963 2.1728395061728394 2.4201680672268906 2.0869565217391304 2.72 2.9019607843137254 2.0 2.814814814814815 2.0 2.622950819672131 2.303030303030303 2.859259259259259 2.2857142857142856 2.1333333333333333 2.3703703703703702 2.8857142857142857 2.2857142857142856 1.7876106194690264 2.0952380952380953 
3.3258426966292136 1.9591836734693877 2.7294117647058824 
3.0153846153846153 1.9285714285714286 2.2666666666666666 2.3917525773195876 2.6 
3.2 2.2857142857142856 2.7674418604651163 2.5346534653465347 
3.282051282051282 2.770642201834862 2.3692307692307693 2.0759493670886076 2.051282051282051 
3.066666666666667 2.0576923076923075 
3.161290322580645 2.515151515151515 2.0481927710843375 2.08 2.8653846153846154 1.9722222222222223 2.528735632183908 2.21978021978022 
3.0 2.5939393939393938 2.8333333333333335 2.7012987012987013 2.9565217391304346 2.731707317073171 
3.0377358490566038 2.2777777777777777 2.896551724137931 2.6666666666666665 
3.111111111111111 2.789473684210526 
3.3333333333333335 2.2888888888888888 2.6597938144329896 2.0338983050847457 2.4 
3.3815789473684212 2.6153846153846154 2.1333333333333333 2.7733333333333334 1.6363636363636365 2.528735632183908 2.413793103448276 2.625 2.2857142857142856 1.6326530612244898 2.3076923076923075 2.65 2.212121212121212 2.823529411764706 
3.2 2.5714285714285716 2.0 
3.3 2.71875 2.782608695652174 2.3661971830985915 2.446280991735537 2.9166666666666665 2.909090909090909 2.4444444444444446 2.2222222222222223 2.8115942028985508 2.823529411764706 2.1463414634146343 2.742857142857143 2.3783783783783785 2.1463414634146343 2.6666666666666665 2.2564102564102564 
3.096774193548387 2.6666666666666665 
3.3333333333333335 2.484848484848485 2.0 
3.0085470085470085 2.6956521739130435 1.6 
3.0303030303030303 2.2992125984251968 2.5 
3.142857142857143 2.76056338028169 
3.2 
3.3684210526315788 2.857142857142857 2.3636363636363638 
3.1058823529411765 2.440677966101695 2.7559055118110236 2.5660377358490565 2.5945945945945947 
3.2 2.857142857142857 2.247422680412371 2.9722222222222223 
3.2195121951219514 2.677685950413223 2.961038961038961 2.723404255319149 2.5454545454545454 2.6099290780141846 2.5365853658536586 2.635294117647059 1.8227848101265822 2.831858407079646 2.5 2.488888888888889 2.731034482758621 2.048780487804878 2.752688172043011 2.6615384615384614 
3.2 
3.0 2.353982300884956 2.1714285714285713 2.823529411764706 2.4 
3.0638297872340425 2.1454545454545455 2.793103448275862 2.1904761904761907 2.56 2.6666666666666665 2.743801652892562 2.923076923076923 2.7777777777777777 2.967741935483871 2.769230769230769 2.810810810810811 2.4615384615384617 
3.3207547169811322 2.6545454545454548 2.64 2.2857142857142856 2.56 
3.0 2.6666666666666665 2.646153846153846 
3.1475409836065573 2.5833333333333335 2.8679245283018866 2.0779220779220777 2.1818181818181817 2.417391304347826 2.511627906976744 2.4941176470588236 2.5839416058394162 2.975609756097561 
3.146067415730337 2.2916666666666665 2.4615384615384617 
3.0364963503649633 2.642857142857143 2.28125 2.3486238532110093 2.9066666666666667 2.702127659574468 
3.0833333333333335 
3.240506329113924 
3.0625 2.7111111111111112 
3.2 2.7768595041322315 2.5783132530120483 2.064516129032258 2.0 2.789473684210526 
3.2 2.4285714285714284 2.1818181818181817 2.5454545454545454 
3.5555555555555554 2.4158415841584158 2.4941176470588236 2.795698924731183 
3.0545454545454547 2.7936507936507935 2.2278481012658227 2.191780821917808 2.8 2.8533333333333335 2.610526315789474 2.8545454545454545 2.4516129032258065 
3.5555555555555554 2.75 2.1333333333333333 2.6666666666666665 2.421875 2.5098039215686274 2.6019417475728157 2.0 2.8514851485148514 2.6666666666666665 2.7027027027027026 2.547169811320755 2.6666666666666665 2.9 2.0 2.6436781609195403 
3.5555555555555554 
3.018867924528302 2.742857142857143 
3.0952380952380953 2.1666666666666665 2.3440860215053765 
3.657142857142857 
3.4761904761904763 
3.1136363636363638 1.6734693877551021 2.7777777777777777 2.467289719626168 2.72 2.1414141414141414 2.6391752577319587 2.4380952380952383 2.5866666666666664 
3.3 
4.9411764705882355 2.823529411764706 2.610169491525424 2.8048780487804876 2.704225352112676 2.5641025641025643 2.3703703703703702 
3.0476190476190474 
3.0232558139534884 
3.037037037037037 2.0330578512396693 2.6363636363636362 2.7457627118644066 2.8095238095238093 2.723404255319149 2.5714285714285716 2.3703703703703702 2.3823529411764706 
3.4285714285714284 2.5454545454545454 2.807017543859649 2.92 
3.0476190476190474 
3.0 1.9047619047619047 
3.272727272727273 2.9318181818181817 2.4838709677419355 2.0253164556962027 2.75 2.923076923076923 2.0952380952380953 2.9411764705882355 
3.0352941176470587 2.2325581395348837 2.3728813559322033 
3.0 2.7183098591549295 2.1818181818181817 2.955223880597015 2.6122448979591835 2.563106796116505 2.869565217391304 2.3636363636363638 1.9080459770114941 
3.0 2.3384615384615386 2.6451612903225805 2.823529411764706 2.909090909090909 
3.0 
3.206896551724138 2.7945205479452055 2.6666666666666665 2.5846153846153848 2.2222222222222223 2.1052631578947367 2.978723404255319 2.197802197802198 2.6666666666666665 2.2242990654205608 2.9583333333333335 2.4615384615384617 2.627737226277372 2.5185185185185186 2.5391304347826087 2.704225352112676 2.1724137931034484 2.823529411764706 
3.0707070707070705 2.6666666666666665 2.7733333333333334 2.8275862068965516 
3.1818181818181817 2.3838383838383836 2.4324324324324325 
3.4594594594594597 2.659090909090909 2.8 2.1538461538461537 
3.466666666666667 2.5054945054945055 2.895238095238095 2.5168539325842696 2.1333333333333333 2.9306930693069306 2.769230769230769 2.909090909090909 
3.134020618556701 2.24 2.4081632653061225 2.191780821917808 2.9873417721518987 2.5846153846153848 2.6666666666666665 2.1052631578947367 2.6052631578947367 
3.2 2.909090909090909 
3.0 2.4390243902439024 2.632911392405063 2.3076923076923075 2.6666666666666665 2.306122448979592 2.676056338028169 
3.108108108108108 2.0 2.5625 2.688888888888889 1.975609756097561 2.488372093023256 
3.2 2.8828828828828827 2.7022900763358777 2.6666666666666665 2.694736842105263 2.0833333333333335 
3.764705882352941 1.9591836734693877 2.6407766990291264 2.0 2.0625 
3.436241610738255 2.5454545454545454 
3.2195121951219514 1.9215686274509804 2.1333333333333333 2.4444444444444446 2.272727272727273 2.206896551724138 1.9666666666666666 
3.0476190476190474 
3.1219512195121952 2.6031746031746033 
3.0144927536231885 
3.1219512195121952 2.8253968253968256 2.7339449541284404 2.7818181818181817 
3.4482758620689653 2.2823529411764705 2.539325842696629 2.425 
3.2857142857142856 2.4743589743589745 2.7083333333333335 
3.1325301204819276 2.3658536585365852 2.1052631578947367 2.76 
3.0 2.966292134831461 
3.5454545454545454 2.3168316831683167 2.4661654135338344 2.8076923076923075 2.4347826086956523 2.887323943661972 2.411764705882353 2.5454545454545454 2.5806451612903225 2.4 
3.090909090909091 2.1333333333333333 2.7586206896551726 2.6285714285714286 2.604651162790698 2.6666666666666665 1.3333333333333333 2.054054054054054 
3.018867924528302 2.225806451612903 2.5 2.4705882352941178 1.927710843373494 2.6140350877192984 2.793103448275862 
3.2 2.5196850393700787 2.731707317073171 2.7130434782608694 2.9357798165137616 2.590909090909091 2.909090909090909 2.6818181818181817 2.8823529411764706 
3.0476190476190474 2.707692307692308 2.847058823529412 2.2718446601941746 2.823529411764706 2.28099173553719 2.9454545454545453 2.9411764705882355 
3.4098360655737703 
3.225806451612903 2.7037037037037037 2.096774193548387 2.59375 2.357142857142857 
3.1842105263157894 2.8292682926829267 2.3703703703703702 
3.04 
3.0 2.989010989010989 
3.0 
3.2 2.292307692307692 
3.018181818181818 2.6724137931034484 2.173076923076923 2.778947368421053 2.5714285714285716 
3.238095238095238 2.926829268292683 2.782608695652174 2.6582278481012658 2.6956521739130435 2.8 2.6666666666666665 2.196078431372549 2.4935064935064934 2.5866666666666664 2.0 2.6666666666666665 2.1739130434782608 
3.1666666666666665 2.0 
3.0 2.8135593220338984 2.731707317073171 
3.28 2.3846153846153846 2.6346153846153846 2.9014084507042255 
3.011764705882353 2.3492063492063493 2.8333333333333335 2.2526315789473683 2.6315789473684212 2.0 2.1666666666666665 
3.1621621621621623 
3.1216216216216215 2.9523809523809526 2.9545454545454546 2.4126984126984126 2.2857142857142856 2.5681818181818183 
3.2083333333333335 2.76 2.245614035087719 2.2857142857142856 2.25 2.3058823529411763 2.871794871794872 
3.180722891566265 2.772277227722772 
3.1092436974789917 2.7 2.2816901408450705 2.642857142857143 
3.00990099009901 2.6666666666666665 2.7142857142857144 2.4 2.9318181818181817 2.489795918367347 
3.45679012345679 
3.0952380952380953 2.8656716417910446 2.6666666666666665 2.914285714285714 1.9726027397260273 2.0392156862745097 2.5894736842105264 2.5517241379310347 2.585858585858586 2.375 2.694736842105263 
3.108433734939759 2.7394957983193278 2.926829268292683 1.5492957746478873 2.5609756097560976 2.4235294117647057 2.5 
3.037037037037037 2.526315789473684 2.918032786885246 
3.169811320754717 2.793103448275862 2.4909090909090907 2.2777777777777777 2.65 2.5 2.810810810810811 2.8869565217391306 2.1492537313432836 2.3958333333333335 
3.088235294117647 2.4615384615384617 2.6666666666666665 2.064516129032258 2.5128205128205128 2.6153846153846154 
3.142857142857143 1.8297872340425532 2.9763779527559056 2.8 2.962962962962963 2.1134751773049647 2.7889908256880735 2.224 2.796116504854369 2.5316455696202533 2.3736263736263736 2.7333333333333334 2.4915254237288136 2.206896551724138 2.458715596330275 
3.054054054054054 2.533333333333333 
3.0851063829787235 2.0 2.854368932038835 2.707692307692308 
3.6923076923076925 2.7916666666666665 2.892857142857143 2.5660377358490565 
3.1607142857142856 2.914285714285714 2.5689655172413794 2.459016393442623 
3.1219512195121952 2.8292682926829267 2.051282051282051 2.342857142857143 
3.764705882352941 2.0 2.2857142857142856 
3.6226415094339623 2.6605504587155964 2.6666666666666665 2.2857142857142856 
3.0588235294117645 
3.1944444444444446 2.723404255319149 2.0 2.2 2.88 
3.3333333333333335 2.869565217391304 2.742857142857143 2.6666666666666665 2.1818181818181817 2.8531468531468533 2.0 2.2222222222222223 2.7547169811320753 2.4235294117647057 2.88 2.625 2.909090909090909 2.816901408450704 2.4615384615384617 2.6805555555555554 2.96 2.788732394366197 2.525252525252525 2.5494505494505493 2.7628865979381443 2.0425531914893615 
3.506849315068493 
3.4461538461538463 2.4444444444444446 2.7096774193548385 2.3529411764705883 2.814814814814815 
3.2116788321167884 2.7472527472527473 2.5753424657534247 2.3333333333333335 2.5714285714285716 
3.404255319148936 2.8333333333333335 
3.5675675675675675 2.3544303797468356 2.4842105263157896 2.9767441860465116 2.5526315789473686 
3.148936170212766 
3.657142857142857 2.6666666666666665 
3.764705882352941 
3.0476190476190474 1.9393939393939394 2.8852459016393444 2.6904761904761907 2.909090909090909 2.0869565217391304 2.5625 2.9714285714285715 2.123456790123457 2.0 2.857142857142857 2.8 2.0 2.557377049180328 2.4086021505376345 2.4266666666666667 2.4380952380952383 
3.2 2.4814814814814814 2.422222222222222 2.5806451612903225 2.6666666666666665 2.2857142857142856 
3.1228070175438596 2.3783783783783785 2.164383561643836 2.5801526717557253 
3.0416666666666665 2.5736434108527133 
3.6363636363636362 
3.2830188679245285 2.25 2.8857142857142857 2.5106382978723403 
3.255813953488372 
3.04 2.3902439024390243 2.8 2.8333333333333335 2.4150943396226414 
3.0344827586206895 1.8064516129032258 2.237623762376238 2.1864406779661016 2.737864077669903 2.677685950413223 2.6666666666666665 2.246913580246914 2.23728813559322 2.735294117647059 2.647482014388489 2.1682242990654204 2.2162162162162162 2.4 2.2337662337662336 2.6666666666666665 2.441860465116279 2.7666666666666666 
3.3333333333333335 
3.4285714285714284 2.972972972972973 1.9333333333333333 2.4186046511627906 
3.0476190476190474 2.156862745098039 2.0 2.966292134831461 
3.1780821917808217 
3.1044776119402986 2.63265306122449 2.677685950413223 
3.0297029702970297 1.4285714285714286 
3.282051282051282 2.582089552238806 2.4827586206896552 2.869565217391304 2.206896551724138 2.616822429906542 
3.0588235294117645 2.7714285714285714 
3.4461538461538463 2.440677966101695 
3.0864197530864197 2.1132075471698113 2.3661971830985915 2.6236559139784945 2.5714285714285716 2.3703703703703702 2.6666666666666665 2.441860465116279 2.5185185185185186 2.440677966101695 2.5 
3.225806451612903 2.590909090909091 2.176470588235294 
3.169811320754717 2.6956521739130435 
3.022222222222222 2.045801526717557 2.7936507936507935 
3.2 2.7301587301587302 2.4 2.909090909090909 2.5945945945945947 2.25 2.459016393442623 2.962962962962963 2.0 2.757575757575758 2.6315789473684212 2.425531914893617 2.618181818181818 2.257142857142857 2.642857142857143 2.847826086956522 2.45 2.1333333333333333 2.3529411764705883 2.6785714285714284 2.953846153846154 
3.076923076923077 2.2857142857142856 2.5494505494505493 2.7906976744186047 2.983050847457627 1.9672131147540983 2.4 2.051282051282051 2.901098901098901 2.7551020408163267 2.925373134328358 2.142857142857143 2.56 2.0588235294117645 
3.096774193548387 2.5365853658536586 2.169491525423729 
3.2 2.5625 2.9767441860465116 2.4 2.4395604395604398 2.8444444444444446 2.782608695652174 2.6666666666666665 2.823529411764706 2.4150943396226414 2.891566265060241 1.9803921568627452 2.869565217391304 
3.3333333333333335 2.164705882352941 2.16260162601626 2.121212121212121 2.328767123287671 2.891566265060241 2.1 2.8656716417910446 2.3132530120481927 2.782608695652174 
3.0476190476190474 2.6666666666666665 2.6285714285714286 2.206896551724138 2.742857142857143 2.6666666666666665 
3.5555555555555554 
3.526315789473684 2.051282051282051 2.88 2.430379746835443 2.1333333333333333 2.8 2.8907563025210083 2.169491525423729 2.1463414634146343 2.0 2.807017543859649 2.0 2.8131868131868134 2.769230769230769 2.6451612903225805 2.9166666666666665 2.0 2.9743589743589745 2.8131868131868134 
3.1707317073170733 2.357142857142857 1.8181818181818181 2.5176470588235293 1.9555555555555555 1.9024390243902438 1.7454545454545454 
3.130434782608696 2.8421052631578947 2.1333333333333333 2.9285714285714284 2.425 
3.657142857142857 1.871559633027523 2.3157894736842106 2.1052631578947367 2.6129032258064515 2.769230769230769 
3.5675675675675675 2.927536231884058 2.904109589041096 
3.0 2.1333333333333333 2.25 2.0 2.2222222222222223 2.703448275862069 2.933333333333333 2.306122448979592 2.2857142857142856 2.24 2.1818181818181817 2.966666666666667 2.481012658227848 2.0 2.475 2.6666666666666665 2.5416666666666665 2.4615384615384617 2.5974025974025974 
3.3333333333333335 
3.0 2.56 2.6363636363636362 2.4827586206896552 2.888888888888889 1.972972972972973 
3.3684210526315788 2.3529411764705883 2.1052631578947367 2.3225806451612905 2.8411214953271027 2.735042735042735 2.5316455696202533 2.0 2.45 
3.6363636363636362 2.8828828828828827 2.380952380952381 2.8333333333333335 
3.2 2.7529411764705882 2.765432098765432 
3.0555555555555554 2.25 2.8 2.871794871794872 2.5546218487394956 2.8461538461538463 2.5357142857142856 2.786324786324786 2.607142857142857 2.157303370786517 
3.0434782608695654 2.5 
3.2 2.8679245283018866 
3.116883116883117 2.311111111111111 2.6436781609195403 2.0 2.8 
3.076923076923077 2.642857142857143 
3.473684210526316 
3.0476190476190474 2.782608695652174 2.4 2.942528735632184 2.8484848484848486 2.780952380952381 2.407766990291262 2.603448275862069 2.5714285714285716 2.923076923076923 2.3555555555555556 2.6666666666666665 2.8421052631578947 2.5365853658536586 2.5641025641025643 2.5060240963855422 2.5 2.8 2.0 
3.3548387096774195 2.56 2.6666666666666665 2.946236559139785 2.2181818181818183 2.740740740740741 2.759493670886076 2.0 2.604651162790698 2.857142857142857 2.6666666666666665 
3.076923076923077 2.556701030927835 
3.4 2.5 2.820143884892086 2.488888888888889 2.6804123711340204 2.8607594936708862 2.1818181818181817 2.7563025210084033 2.341463414634146 2.52991452991453 2.8190476190476192 2.45 2.1333333333333333 2.923076923076923 2.6666666666666665 2.892857142857143 2.8641975308641974 2.918918918918919 2.45 2.4761904761904763 2.9859154929577465 2.8535031847133756 
3.1549295774647885 2.73972602739726 2.6605504587155964 1.8426966292134832 2.9166666666666665 2.909090909090909 2.6 2.515151515151515 
3.196078431372549 2.4615384615384617 2.090909090909091 2.533333333333333 2.2790697674418605 2.765432098765432 2.493827160493827 
3.2666666666666666 2.0338983050847457 2.3076923076923075 2.823529411764706 2.877551020408163 2.542056074766355 2.6141732283464565 2.905263157894737 2.909090909090909 2.8947368421052633 2.8776978417266186 2.5454545454545454 2.7142857142857144 2.523076923076923 2.5894736842105264 
3.3846153846153846 2.7951807228915664 2.645669291338583 2.9545454545454546 2.1333333333333333 2.99009900990099 2.2278481012658227 
3.238095238095238 2.8219178082191783 1.9230769230769231 2.6440677966101696 
3.36 2.8852459016393444 2.5346534653465347 2.0 2.9857142857142858 
3.2 2.4380952380952383 
3.4285714285714284 2.5 1.92 2.6666666666666665 2.3529411764705883 2.2244897959183674 
3.3207547169811322 2.9310344827586206 2.6666666666666665 2.924731182795699 
3.0 2.8849557522123894 2.017094017094017 2.6043165467625897 2.780141843971631 2.731707317073171 2.4 2.736842105263158 2.5641025641025643 2.2857142857142856 2.537313432835821 
4.129032258064516 2.8411214953271027 
3.2 2.6666666666666665 2.0 2.6666666666666665 2.769230769230769 
3.764705882352941 2.985074626865672 2.909090909090909 2.32 
3.2 2.2535211267605635 2.7636363636363637 2.6607142857142856 2.723404255319149 2.0 2.3076923076923075 2.4507042253521125 2.339622641509434 2.6862745098039214 2.582089552238806 2.188679245283019 2.6666666666666665 2.9746835443037973 2.2666666666666666 
3.310344827586207 2.1739130434782608 2.3529411764705883 2.4155844155844157 2.7154471544715446 2.7142857142857144 2.8421052631578947 2.782608695652174 2.7586206896551726 2.8493150684931505 2.2222222222222223 2.888888888888889 2.7096774193548385 2.235294117647059 
3.48 2.96 2.0 2.4814814814814814 2.6666666666666665 
3.1475409836065573 2.989010989010989 2.727272727272727 2.0625 2.5 2.6666666666666665 2.8358208955223883 2.8 1.4814814814814814 2.111111111111111 2.1333333333333333 2.888888888888889 2.6987951807228914 2.327272727272727 2.4193548387096775 2.2941176470588234 2.4947368421052634 
3.032258064516129 2.65 2.4285714285714284 2.5074626865671643 2.942857142857143 1.92 2.52991452991453 2.711864406779661 2.9473684210526314 2.1818181818181817 2.8 2.6605504587155964 
3.0476190476190474 2.5974025974025974 2.0 2.442105263157895 2.0 2.782608695652174 2.871794871794872 1.95 
3.032967032967033 1.8113207547169812 2.9555555555555557 2.5168539325842696 2.8598130841121496 
3.189189189189189 2.0 
3.6216216216216215 2.6666666666666665 2.0 2.9166666666666665 
3.090909090909091 2.6666666666666665 2.6347305389221556 2.6597938144329896 2.245614035087719 
3.5 
3.04 1.9473684210526316 2.6666666666666665 
3.409090909090909 2.0677966101694913 2.782608695652174 2.983050847457627 2.5 
3.0144927536231885 2.782608695652174 2.7555555555555555 2.6122448979591835 2.4153846153846152 
3.2790697674418605 
3.389473684210526 
3.015873015873016 2.838709677419355 
3.119047619047619 2.6153846153846154 2.1728395061728394 2.5476190476190474 
3.2 2.1052631578947367 2.5945945945945947 2.051282051282051 2.4661654135338344 2.2857142857142856 1.736842105263158 2.933333333333333 2.679611650485437 2.0 
3.6216216216216215 
3.076923076923077 2.2018348623853212 2.962962962962963 2.958904109589041 2.129032258064516 1.9393939393939394 2.32 
3.5238095238095237 2.8 1.9120879120879122 2.4444444444444446 2.6133333333333333 2.2666666666666666 
3.0236220472440944 2.515151515151515 2.88 
3.0793650793650795 2.6194690265486726 2.16 2.4 2.1538461538461537 2.0 
3.56 2.526315789473684 2.87603305785124 2.5555555555555554 2.3225806451612905 2.0 2.372093023255814 2.5546218487394956 
3.016949152542373 
3.0476190476190474 2.4556962025316458 2.6885245901639343 2.0689655172413794 2.6666666666666665 2.4 2.7916666666666665 2.5806451612903225 2.0 2.292307692307692 
3.076923076923077 2.8266666666666667 1.8181818181818181 2.042105263157895 2.4578313253012047 2.6739130434782608 2.6842105263157894 2.1379310344827585 2.5185185185185186 2.896551724137931 
3.103448275862069 2.406015037593985 2.782608695652174 2.8260869565217392 
3.3333333333333335 2.0618556701030926 2.2857142857142856 2.8666666666666667 2.8533333333333335 2.7567567567567566 2.225 2.2222222222222223 2.3559322033898304 2.9473684210526314 
3.0303030303030303 2.549019607843137 2.526315789473684 2.6666666666666665 2.4301075268817205 2.957983193277311 2.8421052631578947 2.888888888888889 2.720720720720721 2.893617021276596 2.8333333333333335 2.490566037735849 2.4126984126984126 2.410958904109589 2.2857142857142856 2.0833333333333335 2.810810810810811 
3.2 2.8493150684931505 1.9555555555555555 2.909090909090909 2.2816901408450705 2.8666666666666667 2.82 2.533333333333333 
3.2 2.689075630252101 2.828828828828829 2.6451612903225805 2.0 2.857142857142857 1.8857142857142857 2.2857142857142856 2.6315789473684212 2.6153846153846154 2.9876543209876543 2.8852459016393444 2.3333333333333335 
3.4468085106382977 2.7586206896551726 2.382978723404255 2.780952380952381 
3.090909090909091 2.4615384615384617 2.48 2.567901234567901 2.796116504854369 2.909090909090909 2.2962962962962963 2.64 2.150943396226415 2.8247422680412373 2.557823129251701 
3.090909090909091 2.21978021978022 2.688888888888889 2.2222222222222223 2.175 2.9565217391304346 2.5569620253164556 
3.1372549019607843 2.8043478260869565 2.611111111111111 2.8656716417910446 2.4271844660194173 2.0 2.265734265734266 2.231578947368421 2.6666666666666665 1.4545454545454546 2.526315789473684 2.814814814814815 2.869565217391304 2.372549019607843 2.857142857142857 2.1578947368421053 2.206896551724138 2.4 2.382978723404255 2.7027027027027026 2.6423357664233578 2.0 
4.363636363636363 2.864864864864865 2.6666666666666665 2.5714285714285716 2.4 2.4055944055944054 2.2051282051282053 2.0588235294117645 
3.5789473684210527 2.64 2.7228915662650603 
3.402061855670103 2.342857142857143 2.064516129032258 2.0 2.3225806451612905 2.4347826086956523 2.6482758620689655 2.782608695652174 1.7777777777777777 2.0 2.5569620253164556 2.1176470588235294 2.3448275862068964 2.6153846153846154 
3.0843373493975905 1.574468085106383 2.8333333333333335 2.753623188405797 2.2325581395348837 2.5544554455445545 
3.0 2.5043478260869567 
3.176470588235294 2.4941176470588236 2.111111111111111 2.986666666666667 2.5517241379310347 2.9655172413793105 2.3333333333333335 2.684931506849315 2.835616438356164 2.72972972972973 2.5316455696202533 2.317757009345794 2.2439024390243905 2.5982905982905984 
3.4594594594594597 2.752688172043011 2.8333333333333335 2.5043478260869567 2.48 2.87603305785124 2.4554455445544554 2.5977011494252875 2.5945945945945947 2.8764044943820224 2.16 2.1052631578947367 2.608695652173913 2.2222222222222223 2.8852459016393444 2.769230769230769 2.7610619469026547 2.588235294117647 2.781954887218045 2.4615384615384617 2.3838383838383836 2.893617021276596 2.686868686868687 2.9019607843137254 
3.3181818181818183 2.4615384615384617 2.6666666666666665 1.7297297297297298 2.8333333333333335 2.1333333333333333 
3.310344827586207 2.909090909090909 2.6666666666666665 2.5098039215686274 2.396039603960396 
3.4782608695652173 2.1333333333333333 2.0 
3.1403508771929824 2.8529411764705883 
3.1219512195121952 2.9393939393939394 2.5365853658536586 2.852713178294574 1.9759036144578312 
3.066666666666667 2.727272727272727 2.6588235294117646 2.8780487804878048 2.8403361344537816 2.2325581395348837 
3.04 2.742857142857143 2.4057971014492754 
3.343283582089552 2.2033898305084745 
3.011764705882353 2.909090909090909 2.3793103448275863 2.3846153846153846 2.7586206896551726 
3.1755725190839694 
3.0689655172413794 2.642857142857143 2.4814814814814814 2.4444444444444446 2.52991452991453 2.909090909090909 2.1333333333333333 2.1818181818181817 2.4242424242424243 2.7865168539325844 2.857142857142857 
3.1372549019607843 2.2666666666666666 
3.094736842105263 2.1578947368421053 
3.018867924528302 
3.466666666666667 
3.2 2.5098039215686274 2.8444444444444446 2.7096774193548385 2.4 2.526315789473684 2.0625 2.604651162790698 2.8299319727891157 2.7288135593220337 
3.43859649122807 2.4918032786885247 2.7130434782608694 2.7083333333333335 2.938775510204082 2.163265306122449 2.1454545454545455 2.533333333333333 
3.4594594594594597 
3.4146341463414633 2.6666666666666665 2.9873417721518987 2.727272727272727 2.5454545454545454 
3.130434782608696 2.380952380952381 
3.878787878787879 2.3333333333333335 2.0307692307692307 2.8205128205128207 2.4958677685950414 2.272727272727273 2.618181818181818 
3.2195121951219514 2.6605504587155964 2.9473684210526314 2.0338983050847457 2.260869565217391 
3.3 2.7422680412371134 2.4615384615384617 2.869565217391304 2.4806201550387597 
3.2 2.847457627118644 2.323232323232323 2.2857142857142856 2.4285714285714284 2.823529411764706 2.6865671641791047 2.3870967741935485 2.6666666666666665 2.6904761904761907 
3.1818181818181817 2.626865671641791 2.983050847457627 2.4854368932038833 2.8867924528301887 2.0 2.9504950495049505 2.888888888888889 
3.0684931506849313 2.6666666666666665 
3.5555555555555554 
3.2363636363636363 2.6373626373626373 2.3529411764705883 2.901098901098901 2.569105691056911 2.0 2.813953488372093 2.63265306122449 2.1333333333333333 2.171875 2.32 2.0 
3.657142857142857 1.9523809523809523 2.1333333333333333 
3.225806451612903 2.6666666666666665 2.7480916030534353 2.7083333333333335 2.0952380952380953 2.9767441860465116 2.3013698630136985 2.0 
3.0303030303030303 2.310344827586207 2.505050505050505 2.488888888888889 2.0 
3.4166666666666665 2.9393939393939394 2.6835443037974684 2.2222222222222223 
3.1515151515151514 2.0412371134020617 2.125 
3.136 2.271604938271605 2.72 2.875 1.89247311827957 2.632911392405063 2.175438596491228 2.0 2.0833333333333335 2.260869565217391 2.5185185185185186 2.6 2.5977011494252875 2.6 2.526315789473684 2.6666666666666665 
3.0303030303030303 
3.28 2.5365853658536586 2.0 2.1904761904761907 2.8354430379746836 
3.488372093023256 2.4864864864864864 2.765625 2.5384615384615383 2.1846153846153844 2.7142857142857144 2.626865671641791 2.3333333333333335 2.4565217391304346 2.0240963855421685 2.823529411764706 2.8247422680412373 2.4 2.5 2.235294117647059 2.1956521739130435 2.869565217391304 2.4705882352941178 2.632911392405063 
3.2244897959183674 2.6 2.0 2.7058823529411766 2.857142857142857 
3.2830188679245285 2.2857142857142856 2.433333333333333 
3.25 2.9565217391304346 2.536082474226804 2.0754716981132075 2.2 2.723404255319149 2.5185185185185186 2.14 2.892857142857143 2.761904761904762 2.958904109589041 2.759493670886076 2.4948453608247423 
3.0 2.0425531914893615 
3.1219512195121952 2.25 
3.1044776119402986 2.6611570247933884 2.8461538461538463 2.4242424242424243 2.2837837837837838 2.6504065040650406 2.804123711340206 2.358974358974359 2.65 2.3529411764705883 
3.657142857142857 2.0727272727272728 
3.4782608695652173 2.7222222222222223 2.0 2.6666666666666665 2.782608695652174 2.8450704225352115 
3.0384615384615383 2.823529411764706 
3.0 2.909090909090909 2.782608695652174 2.888888888888889 2.1666666666666665 2.6666666666666665 2.5245901639344264 
3.3684210526315788 2.3142857142857145 2.328767123287671 2.3076923076923075 
3.2 2.5555555555555554 2.909090909090909 
3.25531914893617 2.857142857142857 2.72 2.5977011494252875 
3.5254237288135593 2.8849557522123894 2.442105263157895 2.9156626506024095 2.6666666666666665 
3.075 2.6875 2.875 2.564885496183206 2.823529411764706 2.7474747474747474 2.606060606060606 2.634920634920635 2.0 2.512396694214876 2.9357798165137616 1.803921568627451 1.9 2.2857142857142856 2.8354430379746836 2.0 2.1333333333333333 2.6666666666666665 2.0454545454545454 
3.4782608695652173 2.711864406779661 2.6666666666666665 2.914285714285714 