ratio=0.015151515151515152 Rectangles:[(144,127) , (148,144)][(18,101) , (63,133)][(65,73) , (66,95)][(62,87) , (137,133)][(26,57) , (38,68)][(9,51) , (21,149)][(8,101) , (131,107)][(8,71) , (127,83)]
ratio=0.0 Rectangles:[(4,30) , (72,107)][(35,80) , (118,129)][(11,80) , (61,90)][(132,13) , (143,69)][(139,124) , (148,140)][(2,58) , (117,66)][(142,49) , (145,93)][(68,31) , (102,145)][(78,25) , (101,29)][(80,75) , (142,112)][(142,131) , (144,138)]
ratio=0.004166666666666667 Rectangles:[(50,64) , (74,149)][(148,62) , (149,131)][(21,1) , (133,96)][(15,22) , (51,132)][(61,109) , (66,148)][(131,120) , (143,130)][(131,19) , (147,36)][(113,94) , (126,124)][(15,101) , (101,128)][(47,3) , (63,16)]
ratio=0.028708133971291867 Rectangles:[(142,100) , (145,140)][(48,141) , (90,148)][(136,16) , (140,110)][(20,23) , (47,46)][(9,121) , (13,146)][(87,102) , (113,145)][(9,110) , (61,111)][(146,61) , (148,138)][(64,9) , (148,104)]
ratio=0.0 Rectangles:[(5,15) , (12,127)][(31,25) , (55,32)][(55,99) , (128,111)][(125,118) , (144,146)][(91,117) , (125,132)][(90,24) , (93,69)][(10,57) , (149,98)][(48,11) , (70,41)][(75,55) , (86,112)][(2,42) , (145,132)][(38,61) , (120,143)][(120,74) , (126,135)][(84,99) , (121,135)][(111,78) , (145,148)][(8,113) , (104,132)][(5,130) , (125,134)][(60,83) , (114,93)]
ratio=1.436936936936937 Rectangles:[(26,20) , (35,145)][(65,74) , (126,80)][(60,3) , (110,121)][(144,133) , (148,148)][(135,63) , (146,105)][(14,59) , (30,77)][(45,101) , (116,109)][(141,146) , (149,147)][(69,13) , (127,139)][(115,40) , (139,135)][(3,90) , (51,112)][(145,84) , (149,142)][(81,68) , (120,78)][(6,74) , (23,103)][(73,36) , (139,86)]
ratio=1.4317180616740088 Rectangles:[(104,132) , (143,148)][(10,143) , (106,148)][(116,58) , (125,118)][(93,109) , (137,138)][(3,10) , (14,69)][(148,92) , (149,108)][(58,64) , (112,99)][(110,108) , (122,118)]
ratio=0.8389513108614233 Rectangles:[(55,126) , (90,142)][(92,26) , (102,57)][(77,56) , (102,134)][(27,10) , (121,14)][(74,67) , (135,146)][(52,60) , (130,139)][(48,146) , (60,149)][(26,122) , (61,136)][(94,105) , (121,107)][(104,125) , (138,130)][(82,78) , (96,113)]
ratio=1.3430232558139534 Rectangles:[(140,136) , (144,143)][(148,44) , (149,101)][(50,136) , (63,148)][(134,7) , (139,92)][(56,93) , (144,100)][(69,14) , (97,127)][(39,19) , (85,20)][(137,148) , (138,149)][(125,6) , (146,61)][(82,25) , (103,92)][(74,23) , (146,39)][(26,74) , (145,77)][(109,44) , (144,86)]
ratio=1.0588235294117647 Rectangles:[(3,72) , (79,117)][(92,79) , (111,111)][(139,9) , (141,51)][(50,148) , (101,149)][(132,55) , (139,88)][(48,9) , (144,22)][(143,135) , (149,137)]
ratio=1.297752808988764 Rectangles:[(31,41) , (81,70)][(91,103) , (129,144)][(109,87) , (120,102)][(95,21) , (113,46)][(74,30) , (107,107)][(113,27) , (148,135)][(132,42) , (146,116)][(145,107) , (146,135)][(106,63) , (126,73)][(116,65) , (148,118)][(68,140) , (76,141)]
ratio=1.2069825436408979 Rectangles:[(16,13) , (54,78)][(28,20) , (33,21)][(135,102) , (148,113)][(133,25) , (146,42)][(97,17) , (127,94)][(34,97) , (101,114)][(81,121) , (142,131)][(120,91) , (145,128)][(113,39) , (138,72)][(54,122) , (146,129)][(135,51) , (140,121)][(142,117) , (148,145)][(132,77) , (144,125)][(4,0) , (136,81)][(108,118) , (131,131)][(21,77) , (104,129)][(71,144) , (103,146)][(53,147) , (85,148)]
ratio=1.1856435643564356 Rectangles:[(148,81) , (149,90)][(52,94) , (102,137)][(1,86) , (31,93)][(117,53) , (128,60)][(130,56) , (143,101)][(43,147) , (131,148)][(79,0) , (104,6)][(80,139) , (148,148)][(128,72) , (141,109)][(0,99) , (62,120)][(29,81) , (112,85)][(103,77) , (111,149)][(69,56) , (77,145)][(83,138) , (115,143)][(87,42) , (107,93)]
ratio=1.1563573883161513 Rectangles:[(15,40) , (121,82)][(111,89) , (123,142)][(8,130) , (31,141)][(6,5) , (138,17)][(116,87) , (139,113)][(68,3) , (119,4)][(51,136) , (112,147)][(20,54) , (98,131)][(5,50) , (49,86)][(132,9) , (138,26)][(55,148) , (104,149)][(108,110) , (139,118)][(140,68) , (144,132)][(2,122) , (112,127)][(103,96) , (132,120)]
