2.62015503875969 2.711864406779661 2.622950819672131 2.484848484848485 2.909090909090909 2.7450980392156863 
3.147286821705426 2.944 2.7115384615384617 
3.018867924528302 2.3529411764705883 
3.659090909090909 2.276923076923077 2.75 2.72 2.419512195121951 1.8461538461538463 2.869565217391304 
3.00507614213198 2.0194174757281553 
3.111111111111111 2.782608695652174 2.74025974025974 2.2465753424657535 
3.25 2.4269662921348316 2.2857142857142856 2.1333333333333333 2.6482758620689655 2.4705882352941178 2.24 
3.878787878787879 2.2857142857142856 2.061224489795918 2.042105263157895 
3.5643564356435644 2.7484662576687118 
3.010752688172043 2.6666666666666665 
3.3 2.4680851063829787 2.208955223880597 
3.0843373493975905 2.9447852760736195 2.9473684210526314 2.782608695652174 2.937062937062937 2.9906542056074765 2.5689655172413794 2.56 2.3703703703703702 2.110344827586207 
3.5416666666666665 2.979020979020979 2.526315789473684 2.4615384615384617 
3.4285714285714284 2.327272727272727 2.1818181818181817 1.9574468085106382 2.5185185185185186 2.4615384615384617 2.909090909090909 
3.327800829875519 
3.085714285714286 2.784313725490196 2.127659574468085 2.4424778761061945 2.5660377358490565 2.5454545454545454 
3.076923076923077 2.539325842696629 
3.096774193548387 
3.764705882352941 2.731707317073171 
3.3391304347826085 2.6835443037974684 2.765432098765432 2.8444444444444446 2.8514851485148514 2.56 2.4285714285714284 1.9692307692307693 2.426470588235294 
3.4184397163120566 2.9767441860465116 2.888888888888889 
3.611111111111111 2.5798816568047336 1.9692307692307693 2.6666666666666665 
3.0256410256410255 2.871165644171779 2.283464566929134 2.5904761904761906 2.823529411764706 2.7298578199052135 2.723076923076923 
3.18796992481203 2.129032258064516 2.887218045112782 
3.1449275362318843 2.98989898989899 2.4788732394366195 
3.3488372093023258 2.4415584415584415 2.786206896551724 1.7454545454545454 
3.0236220472440944 2.185567010309278 1.9108910891089108 2.5098039215686274 
3.076923076923077 1.7446808510638299 2.7777777777777777 2.782608695652174 2.6666666666666665 2.479338842975207 2.49438202247191 2.909090909090909 2.1068702290076335 2.3098591549295775 
3.0476190476190474 1.6 2.8944723618090453 2.782608695652174 1.951219512195122 2.929460580912863 
3.3684210526315788 2.56198347107438 2.5838509316770186 2.0934579439252334 2.556701030927835 2.726457399103139 2.6122448979591835 2.2 2.980392156862745 2.7777777777777777 
3.096774193548387 2.550724637681159 2.4615384615384617 
3.018867924528302 2.6666666666666665 2.618181818181818 2.10989010989011 2.4285714285714284 2.1301775147928996 2.3769633507853403 2.0 2.980392156862745 2.857142857142857 2.75 2.8131868131868134 2.6103896103896105 2.871165644171779 
3.1153846153846154 
3.3049645390070923 2.831858407079646 2.7936507936507935 2.152046783625731 2.6666666666666665 2.5280898876404496 
3.0839694656488548 2.635294117647059 
3.240506329113924 
3.5315315315315314 2.689075630252101 
3.015625 
3.012987012987013 2.863157894736842 2.2645502645502646 2.567901234567901 2.4782608695652173 
3.122448979591837 
3.018867924528302 
3.076923076923077 2.622950819672131 2.632911392405063 
3.027027027027027 2.661417322834646 2.251851851851852 2.796116504854369 2.5806451612903225 1.7066666666666668 
3.0476190476190474 2.1818181818181817 2.531073446327684 2.0 1.6623376623376624 2.2 2.961038961038961 2.3529411764705883 
3.7777777777777777 2.962962962962963 2.6016260162601625 
3.1392405063291138 2.8456375838926173 2.1512605042016806 2.5462555066079293 2.2222222222222223 2.0 2.5714285714285716 2.6666666666666665 2.827906976744186 2.9444444444444446 2.8976377952755907 
3.1641791044776117 
3.3684210526315788 2.782608695652174 2.864864864864865 2.6019417475728157 2.5906040268456376 2.0 