ratio=3.5764705882352943 Rectangles:[(80,35) , (88,49)][(80,30) , (82,48)][(0,58) , (64,97)][(92,87) , (96,91)][(0,85) , (64,98)][(64,17) , (80,91)][(32,56) , (64,97)][(64,12) , (80,31)][(0,79) , (128,88)]
ratio=3.5 Rectangles:[(0,73) , (64,97)][(64,91) , (96,95)][(0,42) , (128,54)][(64,12) , (96,98)]
ratio=3.5324675324675323 Rectangles:[(0,48) , (64,76)][(64,51) , (96,60)][(32,0) , (64,46)][(0,64) , (64,92)][(0,5) , (64,98)][(48,81) , (64,99)][(32,76) , (64,93)][(0,65) , (64,98)][(0,86) , (64,98)][(48,96) , (64,98)][(32,92) , (64,94)][(0,87) , (128,98)]
ratio=3.5164835164835164 Rectangles:[(32,91) , (64,99)][(32,54) , (64,83)][(0,17) , (128,76)]
ratio=3.6739130434782608 Rectangles:[(64,19) , (96,81)][(56,95) , (64,98)][(87,84) , (88,92)][(0,21) , (64,34)][(0,84) , (64,86)]
ratio=3.595505617977528 Rectangles:[(0,26) , (16,43)][(64,22) , (96,99)][(32,16) , (64,37)][(16,53) , (32,62)][(88,78) , (92,86)][(0,76) , (64,97)]
ratio=3.764705882352941 Rectangles:[(0,19) , (64,46)]
ratio=3.764705882352941 Rectangles:[(32,8) , (64,53)]
ratio=3.657142857142857 Rectangles:[(0,16) , (64,35)][(48,22) , (56,66)]
ratio=3.5833333333333335 Rectangles:[(16,54) , (32,56)][(32,54) , (48,64)][(16,12) , (24,39)][(0,35) , (128,56)][(0,36) , (64,52)][(48,49) , (64,63)][(32,36) , (48,66)][(46,17) , (48,64)][(48,40) , (64,57)][(32,3) , (36,48)]
ratio=3.5609756097560976 Rectangles:[(56,15) , (64,17)][(32,18) , (64,20)][(0,7) , (32,57)][(39,41) , (40,44)]
ratio=3.764705882352941 Rectangles:[(0,22) , (64,50)]
ratio=3.8309859154929575 Rectangles:[(0,39) , (128,45)][(0,20) , (32,41)][(0,26) , (64,40)][(32,24) , (48,62)][(48,24) , (56,29)]
ratio=4.0 Rectangles:[(64,34) , (68,43)][(56,38) , (64,44)]
ratio=3.7333333333333334 Rectangles:[(8,21) , (16,40)][(26,28) , (28,44)][(8,11) , (16,30)][(48,35) , (49,42)][(32,48) , (36,49)][(0,33) , (64,47)][(0,42) , (4,44)][(0,34) , (32,40)][(0,46) , (32,48)]
ratio=3.6666666666666665 Rectangles:[(46,27) , (47,29)][(0,19) , (32,31)]
ratio=3.675675675675676 Rectangles:[(40,16) , (48,42)][(0,20) , (64,21)][(44,46) , (48,49)]
ratio=4.0 Rectangles:[(16,9) , (32,38)][(36,48) , (38,49)][(0,17) , (16,23)]
ratio=4.705882352941177 Rectangles:[(24,8) , (28,15)][(0,7) , (32,28)][(32,5) , (40,47)]
ratio=3.5 Rectangles:[(48,40) , (49,48)][(40,7) , (48,34)][(45,34) , (46,38)][(0,6) , (32,34)][(40,44) , (44,49)][(32,15) , (40,25)][(0,9) , (64,33)][(48,43) , (49,48)]
ratio=3.5555555555555554 Rectangles:[(0,6) , (32,49)]
ratio=3.5555555555555554 Rectangles:[(0,44) , (64,45)]
ratio=3.657142857142857 Rectangles:[(0,16) , (32,34)][(0,34) , (64,38)][(0,39) , (64,48)]
ratio=1.6734693877551021 Rectangles:[(0,6) , (32,22)][(47,24) , (48,33)][(0,6) , (32,49)][(0,18) , (32,43)][(24,42) , (32,44)]
ratio=4.9411764705882355 Rectangles:[(32,15) , (40,40)][(0,27) , (32,35)][(44,29) , (46,43)]
ratio=3.764705882352941 Rectangles:[(0,9) , (64,46)]
ratio=3.5454545454545454 Rectangles:[(24,32) , (32,47)][(0,16) , (32,48)][(47,7) , (48,30)][(40,16) , (44,40)][(38,19) , (40,33)]
ratio=1.3333333333333333 Rectangles:[(0,3) , (16,46)][(0,1) , (16,13)]
ratio=1.5492957746478873 Rectangles:[(32,42) , (48,44)][(0,23) , (32,34)][(26,29) , (28,44)][(28,26) , (29,44)][(0,21) , (16,45)][(0,17) , (32,32)][(42,33) , (44,40)][(40,32) , (42,41)][(0,16) , (32,25)]
ratio=1.8297872340425532 Rectangles:[(0,25) , (32,45)][(16,2) , (32,41)][(16,33) , (24,34)][(48,36) , (49,48)][(45,39) , (46,41)][(44,2) , (48,20)][(8,35) , (12,36)][(47,37) , (48,49)]
ratio=3.6923076923076925 Rectangles:[(0,30) , (64,39)][(32,25) , (40,37)][(8,22) , (16,25)][(32,31) , (40,48)]
ratio=3.764705882352941 Rectangles:[(16,27) , (32,41)][(0,4) , (32,18)][(0,38) , (64,45)]
ratio=3.6226415094339623 Rectangles:[(16,39) , (32,44)][(16,33) , (24,44)][(16,0) , (32,10)][(0,31) , (32,32)][(32,20) , (64,40)][(46,21) , (48,42)]
ratio=3.506849315068493 Rectangles:[(0,42) , (64,47)][(0,32) , (64,36)]
ratio=3.5675675675675675 Rectangles:[(14,10) , (16,17)][(0,24) , (32,32)][(16,24) , (32,32)][(0,4) , (64,34)]
ratio=3.657142857142857 Rectangles:[(32,16) , (48,37)][(0,24) , (32,45)][(16,3) , (32,20)]
ratio=3.764705882352941 Rectangles:[(0,47) , (32,49)][(0,14) , (32,21)]
ratio=3.6363636363636362 Rectangles:[(0,32) , (32,35)][(40,13) , (48,39)]
ratio=1.8064516129032258 Rectangles:[(24,2) , (32,45)][(26,47) , (28,48)][(5,17) , (6,49)][(31,36) , (32,38)][(24,18) , (32,47)][(16,41) , (20,44)][(16,42) , (32,45)][(46,23) , (48,31)][(16,10) , (20,23)][(44,22) , (48,46)]
ratio=1.4285714285714286 Rectangles:[(1,4) , (2,23)][(16,44) , (24,49)][(32,3) , (33,29)][(16,28) , (24,48)]
ratio=3.5555555555555554 Rectangles:[(34,18) , (36,49)][(32,21) , (48,41)][(32,17) , (48,34)][(0,34) , (32,47)][(32,17) , (48,19)][(44,13) , (48,48)]
ratio=3.526315789473684 Rectangles:[(0,2) , (32,17)][(39,33) , (40,47)][(16,30) , (18,38)][(8,23) , (12,40)][(0,46) , (16,48)][(0,18) , (16,45)]
ratio=1.8181818181818181 Rectangles:[(36,42) , (40,44)][(24,13) , (32,22)][(4,46) , (6,47)][(40,23) , (44,29)][(0,38) , (32,41)][(0,30) , (32,49)]
ratio=1.7454545454545454 Rectangles:[(0,28) , (32,44)][(32,46) , (48,49)][(0,34) , (32,48)]
ratio=3.657142857142857 Rectangles:[(0,42) , (64,48)]
ratio=1.871559633027523 Rectangles:[(40,14) , (48,24)][(0,3) , (32,33)][(0,33) , (16,47)][(0,47) , (16,49)][(0,36) , (32,45)][(0,12) , (8,32)][(24,31) , (32,33)][(32,25) , (36,27)][(34,47) , (36,49)][(0,22) , (32,23)][(0,5) , (16,45)][(0,35) , (32,42)][(34,13) , (36,25)]
ratio=3.5675675675675675 Rectangles:[(0,22) , (64,24)][(0,27) , (2,29)][(44,18) , (48,44)]
ratio=3.6363636363636362 Rectangles:[(0,9) , (32,29)][(40,33) , (48,36)]
ratio=1.8426966292134832 Rectangles:[(20,43) , (22,44)][(0,32) , (32,42)][(0,27) , (32,38)][(0,19) , (32,43)][(0,14) , (32,25)][(5,19) , (6,26)][(0,10) , (32,37)][(32,44) , (40,49)][(40,26) , (48,35)][(0,36) , (32,44)][(44,30) , (48,44)][(0,13) , (4,31)]
ratio=4.129032258064516 Rectangles:[(24,21) , (32,44)][(0,33) , (32,41)][(32,16) , (48,47)][(16,9) , (32,11)][(43,36) , (44,44)]
ratio=3.764705882352941 Rectangles:[(0,42) , (32,44)]
ratio=1.4814814814814814 Rectangles:[(16,6) , (32,30)][(14,43) , (16,45)][(16,18) , (32,48)][(14,11) , (16,20)]
ratio=1.8113207547169812 Rectangles:[(0,4) , (32,20)][(16,39) , (32,48)][(0,4) , (32,14)][(0,2) , (32,21)]
ratio=3.6216216216216215 Rectangles:[(43,32) , (44,42)][(32,39) , (34,48)][(0,20) , (64,25)][(0,9) , (32,28)]
ratio=3.5 Rectangles:[(0,48) , (16,49)][(0,42) , (32,47)][(0,34) , (32,46)][(4,43) , (8,49)][(24,44) , (32,49)][(0,7) , (32,39)][(0,32) , (32,47)][(32,10) , (64,44)]
ratio=1.736842105263158 Rectangles:[(24,8) , (32,35)][(0,30) , (32,45)][(47,35) , (48,38)][(0,23) , (8,33)]
ratio=3.6216216216216215 Rectangles:[(48,12) , (49,29)][(40,17) , (44,23)][(32,45) , (34,47)][(38,38) , (39,43)][(0,0) , (64,49)]
ratio=3.5238095238095237 Rectangles:[(0,13) , (32,36)][(40,41) , (42,44)][(48,28) , (49,48)][(46,27) , (48,48)]
ratio=3.56 Rectangles:[(0,6) , (32,46)][(48,14) , (49,18)][(0,1) , (32,5)][(32,22) , (40,31)][(16,42) , (20,45)][(32,5) , (48,9)][(16,28) , (24,47)]
ratio=1.8181818181818181 Rectangles:[(8,7) , (16,27)][(0,35) , (32,46)][(8,7) , (12,26)][(0,40) , (32,48)]
ratio=1.8857142857142857 Rectangles:[(0,40) , (32,45)][(0,39) , (32,42)][(22,7) , (23,31)]
ratio=1.4545454545454546 Rectangles:[(0,40) , (32,44)][(10,41) , (11,44)][(0,40) , (32,42)][(0,38) , (32,48)]
ratio=4.363636363636363 Rectangles:[(0,20) , (32,49)][(32,11) , (48,44)]
ratio=3.5789473684210527 Rectangles:[(32,22) , (34,33)][(46,5) , (48,27)][(32,21) , (40,28)][(16,47) , (24,49)][(0,7) , (64,16)][(0,17) , (64,23)]
ratio=1.7777777777777777 Rectangles:[(0,24) , (32,38)][(16,40) , (32,47)][(0,29) , (32,31)][(16,22) , (32,44)][(0,23) , (8,42)][(0,43) , (16,45)][(40,48) , (48,49)][(0,23) , (32,31)][(0,35) , (32,42)][(0,22) , (32,31)]
ratio=1.574468085106383 Rectangles:[(0,23) , (32,47)][(48,28) , (49,49)][(0,21) , (32,45)][(40,32) , (44,33)][(40,22) , (44,44)][(0,26) , (32,30)]
ratio=1.7297297297297298 Rectangles:[(16,8) , (32,47)][(0,18) , (32,31)]
ratio=3.878787878787879 Rectangles:[(0,46) , (64,49)]
ratio=3.5555555555555554 Rectangles:[(0,41) , (64,49)]
ratio=3.657142857142857 Rectangles:[(40,36) , (44,45)][(0,40) , (64,45)]
ratio=1.89247311827957 Rectangles:[(0,23) , (32,24)][(0,15) , (32,39)][(28,28) , (32,49)][(16,43) , (32,48)][(24,14) , (32,15)][(44,30) , (46,35)][(32,32) , (48,38)][(0,19) , (16,23)][(16,22) , (32,48)][(0,46) , (32,47)][(16,41) , (32,48)][(16,18) , (32,31)][(0,2) , (32,37)]
ratio=3.657142857142857 Rectangles:[(0,34) , (64,48)][(0,28) , (64,48)]
ratio=3.5254237288135593 Rectangles:[(40,35) , (48,48)][(0,46) , (64,49)][(32,11) , (40,44)][(16,22) , (32,28)][(32,24) , (40,47)][(0,15) , (32,38)]
ratio=1.803921568627451 Rectangles:[(0,12) , (16,39)][(40,34) , (44,36)][(32,33) , (40,43)][(0,18) , (16,37)][(0,45) , (32,49)][(36,7) , (40,49)][(44,9) , (48,46)][(42,4) , (44,21)][(0,43) , (32,47)][(44,24) , (46,49)][(0,31) , (32,37)][(32,7) , (40,33)][(42,47) , (44,49)][(32,12) , (40,19)][(32,42) , (34,46)][(16,47) , (32,48)][(0,34) , (32,42)]
