2.980392156862745 2.6666666666666665 
3.5555555555555554 
3.466666666666667 
3.4482758620689653 2.7636363636363637 
3.111111111111111 2.7096774193548385 2.723404255319149 
3.2 
3.6 
3.4074074074074074 2.5806451612903225 
3.0545454545454547 2.6666666666666665 2.5 2.4126984126984126 2.88 2.5 2.4827586206896552 
3.3333333333333335 2.9767441860465116 2.857142857142857 2.4 
3.1578947368421053 2.2535211267605635 2.814814814814815 
3.5555555555555554 
3.3513513513513513 
3.4482758620689653 
3.4838709677419355 
3.142857142857143 2.6666666666666665 2.6341463414634148 
3.4074074074074074 
3.7333333333333334 
3.111111111111111 2.3636363636363638 2.0 
3.6363636363636362 
3.130434782608696 
3.4782608695652173 2.838709677419355 2.883720930232558 2.933333333333333 
3.135135135135135 
3.2688172043010755 
3.9322033898305087 2.9473684210526314 2.983050847457627 2.4 
3.130434782608696 2.6666666666666665 
3.255813953488372 
3.3333333333333335 2.4516129032258065 
3.389830508474576 
3.0588235294117645 
3.3207547169811322 2.6885245901639343 2.8 
3.764705882352941 2.903225806451613 
3.317073170731707 
3.3043478260869565 
3.317073170731707 2.8 
3.3333333333333335 
3.0714285714285716 
3.3333333333333335 
3.5555555555555554 
3.6923076923076925 2.588235294117647 
3.25 
3.0 
3.25 
3.52 
3.0 
3.5789473684210527 
3.2 
3.6363636363636362 
3.111111111111111 2.711864406779661 1.9534883720930232 2.5 
3.25 2.5454545454545454 2.235294117647059 2.857142857142857 
3.142857142857143 2.32 2.2222222222222223 2.0 
3.764705882352941 2.857142857142857 
3.0 
3.6363636363636362 2.8 
3.5 2.6666666666666665 
3.2 
3.272727272727273 
3.076923076923077 
3.5714285714285716 2.588235294117647 2.6666666666666665 2.962962962962963 
3.28 
3.3333333333333335 
3.1724137931034484 
3.076923076923077 2.823529411764706 
3.2941176470588234 2.857142857142857 
3.5675675675675675 2.56 2.8333333333333335 
3.3488372093023258 2.7555555555555555 
3.764705882352941 
3.2 2.272727272727273 
3.764705882352941 
3.789473684210526 2.411764705882353 2.0 2.1333333333333333 
3.5238095238095237 2.769230769230769 
3.272727272727273 2.9655172413793105 
3.125 2.625 2.6666666666666665 2.6486486486486487 
3.5 
3.4782608695652173 2.4615384615384617 2.4 
3.111111111111111 
3.0476190476190474 2.8421052631578947 2.857142857142857 
3.0 2.742857142857143 
3.1044776119402986 
3.6363636363636362 
3.0 2.814814814814815 
3.272727272727273 
3.764705882352941 2.8484848484848486 
3.142857142857143 
3.1666666666666665 2.933333333333333 2.523076923076923 
3.1627906976744184 
3.1864406779661016 2.5555555555555554 
3.0526315789473686 2.577777777777778 
3.024390243902439 
3.1232876712328768 
3.5555555555555554 2.857142857142857 
3.272727272727273 
3.4146341463414633 2.7169811320754715 
3.0 
3.5555555555555554 2.4 
3.4893617021276597 2.6666666666666665 2.4242424242424243 
3.5652173913043477 2.923076923076923 2.857142857142857 2.0 
3.4285714285714284 2.769230769230769 
3.3191489361702127 
3.310344827586207 
3.6666666666666665 
3.5555555555555554 
3.5 2.5 2.4827586206896552 2.6666666666666665 2.689655172413793 
3.027027027027027 
3.085714285714286 
3.6 
3.1864406779661016 2.6666666666666665 
3.0 
3.2222222222222223 2.923076923076923 
3.4615384615384617 2.9523809523809526 
3.6666666666666665 
4.129032258064516 2.6666666666666665 2.978723404255319 
3.1515151515151514 2.5517241379310347 2.9565217391304346 2.3333333333333335 2.641509433962264 2.0 
3.0697674418604652 
3.2 
3.0833333333333335 2.823529411764706 
3.764705882352941 
3.2 
3.764705882352941 2.511627906976744 
3.111111111111111 
3.0833333333333335 
3.3333333333333335 
3.085714285714286 
3.2452830188679247 
3.217391304347826 
3.1538461538461537 2.88 2.918918918918919 
3.3777777777777778 2.0 2.6666666666666665 2.260869565217391 
3.1515151515151514 
3.4634146341463414 2.1714285714285713 
3.066666666666667 2.9743589743589745 2.6 2.723404255319149 2.4 
3.6666666666666665 
3.5217391304347827 
3.111111111111111 2.4 
3.5121951219512195 
3.4285714285714284 
3.2 
3.018867924528302 
3.4285714285714284 
3.441860465116279 
3.2195121951219514 
3.04 2.1578947368421053 
3.111111111111111 
3.2 2.9473684210526314 1.9682539682539681 2.0952380952380953 
3.130434782608696 
3.130434782608696 2.6666666666666665 2.810810810810811 
3.111111111111111 
3.148936170212766 
3.189189189189189 
3.2941176470588234 
3.0 2.769230769230769 
3.022222222222222 2.9767441860465116 
3.393939393939394 2.888888888888889 
3.5121951219512195 
3.232876712328767 2.896551724137931 2.704225352112676 
3.5555555555555554 
3.2 
3.217391304347826 2.7096774193548385 2.1818181818181817 
3.6129032258064515 2.604651162790698 2.526315789473684 2.742857142857143 
3.1627906976744184 2.24 
3.081967213114754 
3.4 2.5238095238095237 
3.090909090909091 
3.393939393939394 
3.3684210526315788 2.4615384615384617 
3.1372549019607843 2.622950819672131 
3.44 2.909090909090909 
3.142857142857143 
3.5555555555555554 2.96 2.0 
3.0285714285714285 
3.0476190476190474 2.8 
3.2 
3.2 
3.28 1.8333333333333333 2.740740740740741 
3.4133333333333336 2.742857142857143 
3.087719298245614 
3.05 1.803921568627451 
3.1578947368421053 2.8333333333333335 1.7777777777777777 
3.710144927536232 2.7857142857142856 
3.4285714285714284 2.3492063492063493 2.5161290322580645 2.511627906976744 2.7142857142857144 
3.0 
3.5789473684210527 2.4615384615384617 
3.0 
3.267605633802817 
3.096774193548387 2.7142857142857144 
3.1515151515151514 2.893617021276596 
3.04 2.0 
3.4444444444444446 
3.764705882352941 
3.4461538461538463 
3.4857142857142858 2.0 
3.2 
3.130434782608696 2.923076923076923 
3.020408163265306 
3.3488372093023258 2.909090909090909 
3.5555555555555554 2.3896103896103895 2.8363636363636364 
3.076923076923077 
3.272727272727273 2.64 
3.044776119402985 
3.4285714285714284 
3.225806451612903 
3.2 
3.2941176470588234 2.727272727272727 2.769230769230769 
3.2 
3.4615384615384617 2.5945945945945947 2.772727272727273 2.9714285714285715 2.4935064935064934 
3.111111111111111 2.6666666666666665 
3.169811320754717 
3.111111111111111 
3.2 
3.619047619047619 
3.263157894736842 2.88 2.4285714285714284 
3.5714285714285716 
3.3333333333333335 2.723404255319149 2.0 2.2222222222222223 
3.2 2.4 
4.545454545454546 
3.2 
3.3548387096774195 2.382978723404255 
3.1627906976744184 
3.090909090909091 2.823529411764706 
3.25 
3.282051282051282 2.0 
3.3333333333333335 
3.0 2.3333333333333335 
3.1724137931034484 
3.4782608695652173 
3.764705882352941 2.7804878048780486 
3.4285714285714284 2.4615384615384617 2.75 2.742857142857143 
3.4285714285714284 
3.3333333333333335 
3.5555555555555554 
3.0 2.6 
3.3333333333333335 2.5142857142857142 
3.533333333333333 
3.018867924528302 2.6451612903225805 
3.2 2.909090909090909 
3.0 2.0425531914893615 
3.282051282051282 
3.234042553191489 
3.230769230769231 
3.52 
3.9365079365079363 2.3636363636363638 2.2153846153846155 2.938775510204082 
3.5789473684210527 2.8292682926829267 2.909090909090909 
3.018867924528302 2.4285714285714284 
3.1724137931034484 
3.4074074074074074 2.6666666666666665 
3.0 
3.1641791044776117 2.869565217391304 
3.5555555555555554 
3.875 2.5531914893617023 2.0 
3.1466666666666665 
3.7142857142857144 
3.5555555555555554 
3.257142857142857 
3.0344827586206895 
3.5789473684210527 
3.2195121951219514 2.046511627906977 
3.142857142857143 2.5714285714285716 
3.5555555555555554 2.9473684210526314 2.1818181818181817 
3.0 
3.076923076923077 
4.444444444444445 
3.5555555555555554 
3.4871794871794872 
3.5555555555555554 2.2222222222222223 2.857142857142857 
3.588235294117647 2.6666666666666665 
3.5555555555555554 
3.25 
4.0 2.4 
3.764705882352941 2.4285714285714284 2.7586206896551726 
3.764705882352941 2.962962962962963 
3.282051282051282 2.857142857142857 2.6666666666666665 
3.0476190476190474 2.6031746031746033 2.6666666666666665 
3.764705882352941 
3.764705882352941 2.7246376811594204 
3.5555555555555554 
3.515151515151515 
3.2 
3.020408163265306 2.7755102040816326 
3.4838709677419355 2.303030303030303 2.6666666666666665 
3.0508474576271185 2.978723404255319 2.962962962962963 
3.7333333333333334 
3.391304347826087 
3.515151515151515 2.4285714285714284 2.9411764705882355 2.5714285714285716 2.606060606060606 
3.323943661971831 
3.130434782608696 2.857142857142857 
3.1186440677966103 2.577777777777778 
4.645161290322581 
3.6923076923076925 
3.2 2.9397590361445785 2.4 
3.466666666666667 
3.380952380952381 
3.2 2.4615384615384617 
3.5555555555555554 2.2 
3.1818181818181817 
3.5294117647058822 2.6666666666666665 2.9166666666666665 2.36734693877551 
3.0476190476190474 
3.1724137931034484 
3.5555555555555554 2.6666666666666665 
3.5555555555555554 
3.4482758620689653 
3.0476190476190474 2.0 
3.037037037037037 
3.0 2.72 
3.2 
3.090909090909091 2.5 2.5714285714285716 
3.2 
3.764705882352941 
3.0943396226415096 
3.5121951219512195 
3.2 
3.022222222222222 
3.111111111111111 2.0 2.2295081967213113 
3.5555555555555554 
3.44 
3.238095238095238 2.6666666666666665 
3.5555555555555554 
3.323943661971831 
3.5555555555555554 
4.2105263157894735 2.3529411764705883 
3.135135135135135 
3.6923076923076925 
4.076923076923077 
3.1578947368421053 2.588235294117647 
3.076923076923077 2.9411764705882355 
3.0833333333333335 
3.130434782608696 
3.1578947368421053 
3.764705882352941 
3.4074074074074074 2.8 2.823529411764706 
3.0476190476190474 
3.4 2.823529411764706 
3.238095238095238 2.6666666666666665 
3.234042553191489 2.4 
3.3181818181818183 2.1052631578947367 
3.1 
3.2615384615384615 
3.0933333333333333 
3.076923076923077 
3.764705882352941 
3.764705882352941 2.8823529411764706 2.8493150684931505 2.6666666666666665 2.176470588235294 
3.076923076923077 2.0 2.6666666666666665 
3.3333333333333335 
3.5555555555555554 
3.230769230769231 
3.5348837209302326 
3.4285714285714284 
3.4482758620689653 
3.020408163265306 2.6666666666666665 
3.642857142857143 2.0 2.5762711864406778 
3.540983606557377 2.9714285714285715 
3.3846153846153846 2.838709677419355 
3.1780821917808217 
3.0545454545454547 2.9152542372881354 
3.076923076923077 
3.310344827586207 2.736842105263158 2.5714285714285716 
3.0476190476190474 2.9743589743589745 
3.272727272727273 
3.2941176470588234 2.909090909090909 2.4 
3.0476190476190474 
3.6 
3.1384615384615384 2.981818181818182 
3.2 2.0 2.909090909090909 2.0 2.5454545454545454 
3.044776119402985 2.9285714285714284 2.903225806451613 2.6 
3.5324675324675323 
3.5555555555555554 
3.2 2.1463414634146343 2.857142857142857 2.810810810810811 2.871794871794872 
3.8095238095238093 1.6170212765957446 2.5542168674698793 2.5714285714285716 
3.586206896551724 
3.3333333333333335 2.6206896551724137 
3.4285714285714284 
3.375 
3.492957746478873 
3.1666666666666665 
3.764705882352941 2.8 2.549019607843137 
3.2941176470588234 2.6666666666666665 
3.8 
3.0416666666666665 
3.142857142857143 
3.925925925925926 2.7301587301587302 2.4864864864864864 
3.0303030303030303 2.625 
3.2 
3.7777777777777777 2.3768115942028984 
3.3333333333333335 2.736842105263158 2.328358208955224 
3.4594594594594597 2.5762711864406778 
3.111111111111111 
3.764705882352941 
3.707317073170732 
3.0638297872340425 
3.225806451612903 2.0 2.6666666666666665 2.933333333333333 2.490566037735849 
3.7142857142857144 
3.764705882352941 
3.5 2.4150943396226414 2.6666666666666665 
3.5789473684210527 
3.0 
3.135135135135135 
3.148936170212766 
3.5555555555555554 
3.4285714285714284 2.622950819672131 
3.0736842105263156 
3.024390243902439 
3.764705882352941 
3.4444444444444446 2.72 2.6506024096385543 2.774193548387097 
3.096774193548387 2.742857142857143 
3.283582089552239 
3.25 
3.4545454545454546 2.9 2.6666666666666665 
3.0545454545454547 
3.52 2.0 
3.6363636363636362 
3.657142857142857 2.8333333333333335 
3.0 2.9 2.7540983606557377 
3.0303030303030303 2.857142857142857 2.0 
3.3684210526315788 2.0 
3.111111111111111 
3.58974358974359 2.9767441860465116 2.16 
3.238095238095238 2.0 
3.7142857142857144 2.693877551020408 
3.272727272727273 2.588235294117647 
3.4285714285714284 
3.125 
3.2 
3.3125 
3.6923076923076925 2.3529411764705883 2.360655737704918 
3.2542372881355934 2.3859649122807016 2.357142857142857 
3.4782608695652173 2.909090909090909 2.896551724137931 
3.0153846153846153 2.857142857142857 
3.1641791044776117 
3.4545454545454546 2.869565217391304 
3.343283582089552 
3.272727272727273 2.4444444444444446 2.8679245283018866 
3.2 
3.8 2.736842105263158 2.24 
3.878787878787879 2.769230769230769 2.4 
3.0 
3.3230769230769233 2.2222222222222223 2.918918918918919 2.9 
3.111111111111111 2.193548387096774 
3.0638297872340425 2.08 2.9295774647887325 2.9019607843137254 
3.257142857142857 
3.04 2.5555555555555554 2.0392156862745097 
3.6363636363636362 
3.2 
3.4482758620689653 2.0 2.9655172413793105 2.6666666666666665 2.6666666666666665 1.9 2.7936507936507935 2.75 
3.1724137931034484 2.23728813559322 2.1621621621621623 
3.6491228070175437 
3.0 2.6666666666666665 2.7142857142857144 
3.2941176470588234 
3.393939393939394 
3.4285714285714284 2.5925925925925926 2.736842105263158 
3.125 2.5084745762711864 2.6666666666666665 2.604651162790698 
3.3043478260869565 2.606060606060606 
3.130434782608696 2.0 
4.0 
3.0638297872340425 2.7540983606557377 2.8421052631578947 
3.1666666666666665 2.0 2.6666666666666665 2.857142857142857 
3.6 
3.3 
3.764705882352941 
3.466666666666667 2.4615384615384617 2.5714285714285716 1.9428571428571428 
3.234042553191489 
3.0 
3.282051282051282 
3.657142857142857 
3.25 2.75 
3.3333333333333335 
3.2941176470588234 2.807017543859649 2.769230769230769 
3.25 2.8 2.6341463414634148 2.2857142857142856 2.16 2.857142857142857 2.6842105263157894 2.0 2.875 2.857142857142857 
3.1372549019607843 
3.1515151515151514 
3.764705882352941 
3.5384615384615383 
3.357142857142857 
3.4594594594594597 
3.5714285714285716 2.6666666666666665 2.5531914893617023 
3.5789473684210527 
3.2 2.8421052631578947 
3.215686274509804 2.769230769230769 2.7450980392156863 2.4 2.4615384615384617 2.6666666666666665 2.72 
3.272727272727273 1.6842105263157894 
3.04 2.6666666666666665 
3.5555555555555554 
3.3684210526315788 2.5 2.8679245283018866 
3.3333333333333335 2.4 
3.3684210526315788 2.0 
3.0526315789473686 
3.6363636363636362 
3.066666666666667 
3.0 
3.0163934426229506 2.8 
3.5 
3.0 
3.2 2.6666666666666665 
3.5555555555555554 
3.619047619047619 
3.317073170731707 
3.870967741935484 
3.28 2.769230769230769 
3.2 2.25 2.0 2.466666666666667 2.64 2.978723404255319 2.923076923076923 2.933333333333333 
3.0256410256410255 
3.4482758620689653 
3.2 2.881720430107527 
3.2 
3.2 2.5185185185185186 
3.2280701754385963 
3.3684210526315788 
3.135135135135135 2.0 
3.0 2.88 
3.0434782608695654 2.523076923076923 2.787878787878788 
3.5714285714285716 2.6666666666666665 
3.096774193548387 
3.393939393939394 
3.5555555555555554 
3.0714285714285716 
3.4545454545454546 
3.58974358974359 
3.466666666666667 2.6666666666666665 
3.25 2.4705882352941178 2.1818181818181817 
3.1219512195121952 
3.3 2.4615384615384617 
3.020408163265306 2.7333333333333334 
3.5555555555555554 
3.6363636363636362 
3.1578947368421053 2.857142857142857 2.962962962962963 2.5454545454545454 
3.161290322580645 
3.2 2.857142857142857 2.230769230769231 2.6666666666666665 
3.764705882352941 
3.04 2.933333333333333 
3.5 
3.5555555555555554 
4.117647058823529 2.4 
3.4 
3.764705882352941 
3.3636363636363638 2.838709677419355 
4.0 
3.142857142857143 
3.52 2.5365853658536586 
3.2 
3.259259259259259 
3.2653061224489797 2.1333333333333333 
3.161290322580645 2.511627906976744 2.5454545454545454 
3.0 
3.4285714285714284 2.6666666666666665 2.819672131147541 2.9508196721311477 2.9565217391304346 
3.272727272727273 
3.5555555555555554 
3.393939393939394 
3.2888888888888888 2.909090909090909 
3.764705882352941 2.511627906976744 2.6666666666666665 2.625 
3.1746031746031744 
3.259259259259259 
3.710144927536232 
3.25 2.6666666666666665 2.909090909090909 
3.0476190476190474 
3.5555555555555554 2.888888888888889 2.588235294117647 2.7012987012987013 2.909090909090909 2.0377358490566038 
3.0 
3.5238095238095237 2.4 
3.225806451612903 2.490566037735849 2.5084745762711864 
3.789473684210526 
3.282051282051282 
3.259259259259259 2.4864864864864864 2.926829268292683 2.5806451612903225 
3.5483870967741935 
3.2 
3.0 2.727272727272727 
3.764705882352941 
3.1578947368421053 2.588235294117647 
3.657142857142857 
3.4615384615384617 
3.515151515151515 
3.5076923076923077 
3.1515151515151514 
3.0 
3.8974358974358974 2.933333333333333 
4.0 
3.2 2.857142857142857 2.9767441860465116 
3.024390243902439 
3.0163934426229506 2.857142857142857 
3.25 2.8363636363636364 
3.6923076923076925 
3.3142857142857145 2.769230769230769 
3.5555555555555554 
3.4166666666666665 
3.272727272727273 2.0 2.4727272727272727 
3.5555555555555554 2.488888888888889 
3.0526315789473686 
3.5238095238095237 
3.4285714285714284 2.5084745762711864 
3.5 
3.310344827586207 
3.0 2.48 2.6885245901639343 2.742857142857143 
3.1578947368421053 
3.764705882352941 
3.135135135135135 
3.2 2.5454545454545454 
3.4074074074074074 1.7142857142857142 2.5714285714285716 2.909090909090909 2.6206896551724137 2.918918918918919 
4.266666666666667 2.5161290322580645 
3.0 
3.0684931506849313 2.810810810810811 2.8656716417910446 
3.5555555555555554 
3.1219512195121952 
3.7209302325581395 
3.2 2.909090909090909 2.896551724137931 
3.278688524590164 
3.0833333333333335 
3.8857142857142857 2.75 
3.8260869565217392 2.5806451612903225 
3.6363636363636362 
3.6363636363636362 2.6666666666666665 2.2857142857142856 
3.764705882352941 2.41025641025641 
3.5789473684210527 
3.0 
3.5555555555555554 
3.3962264150943398 
3.4 2.1538461538461537 
4.081632653061225 2.6666666666666665 
3.0588235294117645 2.413793103448276 2.588235294117647 
3.5555555555555554 2.857142857142857 2.6666666666666665 
3.1666666666666665 2.2857142857142856 2.985074626865672 
3.5652173913043477 
3.2888888888888888 
3.764705882352941 2.4 
3.278688524590164 2.1818181818181817 1.8245614035087718 
3.5348837209302326 
3.673469387755102 2.75 2.769230769230769 
3.3684210526315788 2.8275862068965516 2.933333333333333 
3.6923076923076925 
3.0 2.4727272727272727 
3.2452830188679247 
3.5714285714285716 
3.272727272727273 
3.515151515151515 
3.1515151515151514 2.24 2.2 2.769230769230769 
3.3548387096774195 2.0 2.9206349206349205 2.896551724137931 
3.3513513513513513 
3.272727272727273 
3.2941176470588234 
3.3563218390804597 
3.5555555555555554 
3.272727272727273 
3.272727272727273 
3.1264367816091956 2.6666666666666665 2.857142857142857 2.523076923076923 
3.272727272727273 
3.4285714285714284 
3.9402985074626864 
3.393939393939394 
3.111111111111111 
3.6129032258064515 
3.5 
3.2 
3.2941176470588234 
3.2 2.440677966101695 
3.675675675675676 2.0 
3.3962264150943398 
3.0 2.5945945945945947 2.847457627118644 2.857142857142857 2.8333333333333335 2.6666666666666665 
3.1052631578947367 
3.5555555555555554 
3.3125 
3.0588235294117645 2.864864864864865 
3.2 
3.0 
3.2 
4.114285714285714 
3.0476190476190474 2.782608695652174 2.9655172413793105 2.9767441860465116 
3.764705882352941 
3.0163934426229506 2.526315789473684 
3.0588235294117645 
3.5348837209302326 2.608695652173913 
3.2 
3.6551724137931036 
3.515151515151515 2.8656716417910446 
3.1627906976744184 
3.5555555555555554 2.56 
3.2 2.871794871794872 2.923076923076923 
3.076923076923077 2.6666666666666665 
4.32 2.7936507936507935 
3.5555555555555554 2.933333333333333 2.5 2.707692307692308 2.5964912280701755 
3.4146341463414633 
3.3469387755102042 
3.462686567164179 
3.457627118644068 
3.272727272727273 
3.2 2.1463414634146343 2.7586206896551726 
3.090909090909091 
3.1875 2.857142857142857 2.888888888888889 
3.020408163265306 2.6666666666666665 2.769230769230769 
3.272727272727273 
4.0 
3.2888888888888888 2.1052631578947367 
3.3846153846153846 
3.25 
3.5636363636363635 
3.1466666666666665 
3.3333333333333335 2.5384615384615383 
3.027027027027027 2.6391752577319587 
3.2982456140350878 
3.2238805970149254 2.7142857142857144 2.3846153846153846 
4.0 
3.090909090909091 
3.6 2.814814814814815 2.857142857142857 2.746268656716418 
3.657142857142857 
4.24 2.142857142857143 
3.6923076923076925 2.4347826086956523 
3.6923076923076925 
3.6923076923076925 2.9714285714285715 
3.586206896551724 
3.357142857142857 2.5945945945945947 2.823529411764706 2.6666666666666665 
3.3684210526315788 2.8641975308641974 
3.3684210526315788 2.2857142857142856 
3.142857142857143 2.736842105263158 
3.0588235294117645 2.7586206896551726 2.6666666666666665 
3.0 2.9152542372881354 
3.3333333333333335 2.2666666666666666 
3.4482758620689653 2.6666666666666665 
3.6363636363636362 
3.5636363636363635 
3.2 2.909090909090909 
3.111111111111111 2.7906976744186047 
3.4594594594594597 2.909090909090909 
3.3846153846153846 
3.5384615384615383 2.0869565217391304 2.4285714285714284 
3.764705882352941 2.857142857142857 
3.2432432432432434 2.3333333333333335 2.4 2.6666666666666665 2.6666666666666665 
3.1666666666666665 2.5 
3.4285714285714284 
3.4698795180722892 2.6666666666666665 
3.2452830188679247 2.6122448979591835 2.4 2.8085106382978724 
3.389830508474576 
3.625 2.6885245901639343 2.2857142857142856 
3.4482758620689653 
3.5555555555555554 2.6666666666666665 
3.0638297872340425 2.9473684210526314 
3.5555555555555554 
3.0 
3.090909090909091 
3.4285714285714284 2.72 
3.2 
3.130434782608696 
3.4594594594594597 
3.142857142857143 
3.4 
3.764705882352941 
3.7 
3.1794871794871793 2.8275862068965516 
3.3043478260869565 2.5555555555555554 2.933333333333333 1.8823529411764706 2.6666666666666665 2.526315789473684 
3.4285714285714284 
3.44 
4.0 
3.2 2.6666666666666665 2.6666666666666665 
3.1186440677966103 
3.257142857142857 
3.0714285714285716 2.7142857142857144 
3.25 
3.3333333333333335 
3.3469387755102042 
3.1627906976744184 
3.0588235294117645 
3.282051282051282 
3.130434782608696 
3.5789473684210527 
3.111111111111111 
3.508771929824561 1.7777777777777777 2.7142857142857144 
3.0588235294117645 
3.0 
3.764705882352941 2.909090909090909 
3.090909090909091 
3.1052631578947367 
3.7209302325581395 2.4615384615384617 
3.764705882352941 2.682926829268293 2.8 1.945945945945946 
3.3548387096774195 2.6666666666666665 2.413793103448276 
3.2 
3.3469387755102042 
3.142857142857143 2.7555555555555555 2.857142857142857 2.6666666666666665 
3.25 
3.5384615384615383 2.8 2.2857142857142856 2.8266666666666667 
3.183673469387755 2.7733333333333334 2.7096774193548385 
3.2280701754385963 
4.54054054054054 2.2745098039215685 
3.2 2.6666666666666665 
3.3548387096774195 
3.0638297872340425 
3.727272727272727 2.0 
3.1384615384615384 
3.1578947368421053 
3.238095238095238 2.4390243902439024 2.6666666666666665 2.0 
3.2 
3.6363636363636362 2.8333333333333335 
3.076923076923077 2.341463414634146 
3.5555555555555554 2.888888888888889 
3.764705882352941 2.72 
3.1372549019607843 2.0 2.896551724137931 2.7755102040816326 
3.130434782608696 
3.6363636363636362 
3.183673469387755 
3.4166666666666665 2.9714285714285715 2.6666666666666665 
3.3043478260869565 
3.8095238095238093 2.8771929824561404 2.5846153846153848 
3.74468085106383 2.0 
3.5555555555555554 2.641509433962264 
3.1578947368421053 
3.764705882352941 2.8354430379746836 2.3896103896103895 
4.266666666666667 
3.3333333333333335 
3.4482758620689653 2.4347826086956523 
3.142857142857143 2.875 
3.3548387096774195 
3.2653061224489797 
3.652173913043478 
3.2 
3.0476190476190474 2.6666666666666665 
3.466666666666667 2.3448275862068964 
3.3548387096774195 
3.3846153846153846 
3.111111111111111 2.985074626865672 
3.3333333333333335 
3.183673469387755 2.9767441860465116 
3.5789473684210527 
3.2 
3.5789473684210527 2.909090909090909 2.604651162790698 
3.3684210526315788 2.6666666666666665 
3.2 2.761904761904762 
3.5555555555555554 2.0 
3.547169811320755 
3.5555555555555554 
3.3846153846153846 2.962962962962963 
3.0638297872340425 
3.234042553191489 2.4489795918367347 2.0606060606060606 
3.4285714285714284 2.260869565217391 
3.675675675675676 
3.0344827586206895 2.981818181818182 
3.076923076923077 
3.3333333333333335 
3.148936170212766 2.56 
3.0476190476190474 
4.0 2.6206896551724137 2.7586206896551726 
3.090909090909091 
3.317073170731707 
3.6923076923076925 2.8852459016393444 
3.0476190476190474 2.4 
4.0 
3.5428571428571427 2.4615384615384617 
3.4482758620689653 2.962962962962963 2.909090909090909 2.2857142857142856 2.9767441860465116 2.8484848484848486 2.75 2.869565217391304 
3.6444444444444444 
4.476190476190476 
3.317073170731707 
3.4482758620689653 
3.085714285714286 2.975609756097561 2.918918918918919 2.769230769230769 
3.6153846153846154 
3.9183673469387754 
3.6 
3.8260869565217392 
3.0 2.27027027027027 
3.4838709677419355 
3.3 2.4935064935064934 
3.3777777777777778 2.0 
3.169811320754717 
3.4545454545454546 
3.4545454545454546 2.2222222222222223 2.6666666666666665 
3.020408163265306 
3.072463768115942 2.4390243902439024 
3.3548387096774195 
3.764705882352941 2.577777777777778 2.64 2.36734693877551 
3.4594594594594597 
3.04 2.7301587301587302 
3.6363636363636362 
3.389830508474576 
3.076923076923077 
3.2 1.92 
3.3333333333333335 2.731707317073171 
3.7333333333333334 2.4918032786885247 
3.5555555555555554 2.5454545454545454 
3.5555555555555554 
3.375 
3.6 2.5365853658536586 2.4615384615384617 2.6666666666666665 
3.5555555555555554 2.3529411764705883 
3.4285714285714284 
3.5238095238095237 
3.0933333333333333 
3.4285714285714284 
3.5555555555555554 2.736842105263158 
3.0 2.72 2.857142857142857 2.4 2.8444444444444446 2.8444444444444446 2.838709677419355 2.0 
3.5294117647058822 2.7567567567567566 
3.4146341463414633 
3.1 
3.3684210526315788 
3.230769230769231 
3.0 2.526315789473684 
3.022222222222222 2.4 2.8 2.903225806451613 
3.76 2.3333333333333335 
3.3207547169811322 
3.0508474576271185 2.0 
4.2 
3.5254237288135593 2.6857142857142855 
3.282051282051282 2.6666666666666665 2.4166666666666665 
3.2941176470588234 1.9701492537313432 2.8444444444444446 
3.4285714285714284 2.121212121212121 2.7586206896551726 
3.2 
3.087719298245614 2.4 
3.2857142857142856 2.2641509433962264 2.090909090909091 
3.343283582089552 
3.283582089552239 
3.1372549019607843 2.0 2.56 
3.5555555555555554 
3.0 2.4126984126984126 
3.5348837209302326 
3.574468085106383 
3.2 
3.234042553191489 2.4444444444444446 
3.2 
3.0476190476190474 
3.1641791044776117 
3.111111111111111 2.3636363636363638 
3.5789473684210527 2.6341463414634148 2.0 2.0 
3.0 
3.020408163265306 
3.4074074074074074 
3.234042553191489 
3.4594594594594597 2.380952380952381 
3.4615384615384617 2.6 
3.5555555555555554 2.0 
3.5555555555555554 2.823529411764706 2.4 
3.2857142857142856 
3.5254237288135593 
3.1794871794871793 2.550724637681159 
3.020408163265306 2.8656716417910446 2.909090909090909 2.4285714285714284 2.6666666666666665 2.2857142857142856 2.6666666666666665 2.909090909090909 2.5098039215686274 
3.6129032258064515 2.6666666666666665 
3.6842105263157894 
3.4285714285714284 2.787878787878788 
3.272727272727273 2.823529411764706 
3.5555555555555554 
3.2452830188679247 2.88 
3.0833333333333335 
3.0 
3.6129032258064515 
3.0 2.0 
3.020408163265306 
3.2 2.388059701492537 1.8823529411764706 2.5098039215686274 
3.7241379310344827 2.875 
3.130434782608696 2.8 2.24 
3.3333333333333335 2.857142857142857 2.64 2.9 2.3703703703703702 
3.225806451612903 
3.076923076923077 
3.090909090909091 2.9743589743589745 
3.3548387096774195 
3.764705882352941 
3.6226415094339623 2.980392156862745 
3.116279069767442 2.9767441860465116 2.4186046511627906 
3.7241379310344827 
3.3846153846153846 
3.1515151515151514 2.24 2.9714285714285715 
3.0 
3.2 
3.1578947368421053 
3.0 
3.9148936170212765 
3.263157894736842 2.5964912280701755 
3.027027027027027 
3.5714285714285716 
3.2 
3.176470588235294 
3.25 2.857142857142857 2.36734693877551 1.6 