ratio=1.5 Rectangles:[(0,13) , (4,16)][(0,6) , (8,21)][(27,21) , (28,22)]
ratio=1.3333333333333333 Rectangles:[(0,5) , (8,21)][(17,23) , (18,25)][(0,18) , (8,20)][(22,24) , (23,27)]
ratio=1.4285714285714286 Rectangles:[(27,10) , (28,23)][(16,15) , (20,25)][(18,13) , (20,26)][(28,6) , (29,16)][(16,17) , (24,21)][(16,0) , (24,22)]
ratio=1.6 Rectangles:[(0,5) , (4,28)][(0,6) , (16,14)][(0,25) , (16,28)][(0,17) , (16,26)][(8,14) , (16,26)]
ratio=1.5 Rectangles:[(9,9) , (10,28)][(5,8) , (6,22)][(0,14) , (16,26)][(20,15) , (24,20)][(0,24) , (16,27)][(0,19) , (8,27)]
ratio=4.266666666666667 Rectangles:[(16,19) , (32,29)][(0,5) , (16,27)]
ratio=1.2413793103448276 Rectangles:[(0,24) , (16,29)][(0,10) , (16,27)][(20,3) , (22,23)][(0,20) , (16,25)]
ratio=1.5384615384615385 Rectangles:[(0,10) , (16,28)][(24,24) , (26,29)][(27,10) , (28,29)][(0,16) , (16,24)][(0,13) , (16,26)][(0,9) , (8,20)][(19,18) , (20,24)]
ratio=1.3333333333333333 Rectangles:[(0,8) , (8,16)][(0,13) , (8,28)][(2,5) , (4,7)][(1,13) , (2,29)]
ratio=4.0 Rectangles:[(28,14) , (29,23)][(24,4) , (32,26)][(26,23) , (28,27)][(16,24) , (24,29)]
ratio=4.0 Rectangles:[(16,6) , (24,27)][(0,26) , (16,27)]
ratio=1.4545454545454546 Rectangles:[(0,4) , (16,16)][(0,8) , (16,13)]
ratio=1.5238095238095237 Rectangles:[(0,3) , (16,23)][(0,17) , (16,18)]
ratio=4.363636363636363 Rectangles:[(26,8) , (28,27)][(0,13) , (16,15)][(0,14) , (16,20)][(16,14) , (24,24)][(16,12) , (32,18)][(0,16) , (16,25)]
ratio=4.363636363636363 Rectangles:[(0,26) , (16,27)][(16,26) , (20,29)][(20,18) , (24,27)]
ratio=1.3333333333333333 Rectangles:[(16,14) , (20,21)][(16,20) , (18,27)]
ratio=1.5238095238095237 Rectangles:[(0,25) , (16,27)][(4,18) , (8,29)][(0,5) , (16,28)][(0,14) , (2,26)]
ratio=1.1428571428571428 Rectangles:[(8,0) , (16,24)][(8,19) , (16,26)]
ratio=1.5135135135135136 Rectangles:[(26,28) , (28,29)][(16,2) , (24,16)][(24,27) , (28,29)][(8,22) , (16,26)][(16,7) , (24,11)][(0,21) , (16,28)][(0,12) , (16,25)]
ratio=1.2857142857142858 Rectangles:[(27,19) , (28,27)][(0,7) , (16,22)][(25,23) , (26,27)][(0,11) , (16,27)]
ratio=4.2105263157894735 Rectangles:[(16,14) , (32,18)][(0,8) , (16,26)][(16,27) , (24,28)]
ratio=1.5 Rectangles:[(24,14) , (25,28)][(26,12) , (28,19)][(26,16) , (28,27)]
ratio=1.3333333333333333 Rectangles:[(0,7) , (16,14)][(0,9) , (16,28)][(0,5) , (16,17)]
ratio=1.5625 Rectangles:[(16,22) , (24,24)][(8,16) , (16,23)][(28,19) , (29,26)][(16,23) , (20,25)][(0,16) , (8,20)][(0,17) , (16,21)]
ratio=1.28 Rectangles:[(0,12) , (16,28)][(0,8) , (16,25)]
ratio=1.3333333333333333 Rectangles:[(0,7) , (16,26)][(0,7) , (16,17)]
ratio=1.5238095238095237 Rectangles:[(0,14) , (16,20)][(0,13) , (16,23)][(0,2) , (16,12)][(8,18) , (16,20)][(0,3) , (16,18)][(0,11) , (16,19)][(0,1) , (16,12)]
ratio=4.095238095238095 Rectangles:[(16,5) , (24,14)][(0,23) , (8,25)][(0,12) , (16,26)][(10,25) , (12,29)][(28,15) , (29,25)][(0,1) , (16,12)][(16,12) , (32,14)]
ratio=1.5483870967741935 Rectangles:[(0,14) , (16,20)][(0,2) , (16,21)][(8,28) , (16,29)]
ratio=1.5 Rectangles:[(24,28) , (28,29)][(0,16) , (8,22)][(27,6) , (28,28)][(0,10) , (8,21)]
ratio=1.4615384615384615 Rectangles:[(22,21) , (24,28)][(26,1) , (27,12)][(0,17) , (16,18)][(0,4) , (16,19)]
ratio=1.28 Rectangles:[(0,10) , (8,29)][(0,3) , (16,27)][(0,15) , (16,17)]
ratio=1.4545454545454546 Rectangles:[(0,4) , (16,18)][(0,18) , (16,27)]
ratio=1.4782608695652173 Rectangles:[(4,24) , (8,27)][(8,25) , (16,27)][(27,2) , (28,4)][(0,22) , (16,26)][(0,6) , (16,28)]
ratio=1.4166666666666667 Rectangles:[(0,27) , (16,28)][(0,28) , (16,29)][(25,19) , (26,20)]
ratio=1.4615384615384615 Rectangles:[(25,6) , (26,8)][(26,8) , (28,19)][(0,15) , (16,17)][(0,17) , (16,18)][(0,9) , (8,21)][(1,10) , (2,28)]
ratio=4.0 Rectangles:[(26,1) , (28,27)][(16,13) , (32,20)][(28,15) , (29,24)][(16,26) , (20,27)][(0,20) , (16,28)][(26,26) , (28,29)]
ratio=1.6 Rectangles:[(0,26) , (16,27)][(0,22) , (8,28)][(8,18) , (12,29)]
ratio=4.0 Rectangles:[(16,6) , (32,25)][(8,2) , (16,19)]
ratio=1.4782608695652173 Rectangles:[(0,1) , (16,25)][(0,22) , (16,29)][(28,18) , (29,19)]
ratio=1.5 Rectangles:[(24,27) , (26,28)][(0,14) , (16,28)][(0,4) , (16,23)][(24,10) , (28,29)][(0,9) , (16,27)][(7,26) , (8,27)]
ratio=1.5757575757575757 Rectangles:[(8,27) , (10,29)][(0,12) , (16,22)][(16,25) , (24,28)][(0,20) , (16,24)][(20,10) , (24,25)]
ratio=1.3333333333333333 Rectangles:[(0,22) , (16,29)][(0,25) , (16,29)]
ratio=1.52 Rectangles:[(0,21) , (16,29)][(0,21) , (16,22)][(18,8) , (19,10)][(26,22) , (28,25)]
ratio=4.0 Rectangles:[(26,3) , (27,4)][(0,26) , (16,29)][(24,26) , (25,29)][(16,11) , (32,27)][(28,12) , (29,16)]
ratio=1.5 Rectangles:[(0,15) , (8,23)][(28,14) , (29,21)][(0,6) , (4,9)][(0,15) , (16,22)]
ratio=1.6 Rectangles:[(20,19) , (24,26)][(20,23) , (24,26)]
ratio=4.571428571428571 Rectangles:[(0,14) , (16,23)][(16,21) , (32,25)]
ratio=5.333333333333333 Rectangles:[(16,10) , (24,19)][(24,8) , (32,13)]
ratio=4.0 Rectangles:[(0,5) , (16,8)][(16,18) , (24,20)][(16,10) , (20,21)][(0,12) , (16,28)]
ratio=1.6 Rectangles:[(20,26) , (24,28)][(20,22) , (21,28)][(22,13) , (24,26)]
ratio=1.6 Rectangles:[(16,11) , (24,27)][(16,27) , (20,29)][(16,1) , (24,20)][(0,23) , (8,25)][(17,3) , (18,22)][(0,13) , (8,23)][(8,25) , (16,27)][(16,11) , (24,18)]
ratio=4.0 Rectangles:[(26,14) , (28,18)][(0,22) , (16,26)][(24,11) , (28,23)][(16,17) , (24,25)][(16,4) , (24,28)][(16,14) , (32,28)][(24,11) , (26,21)][(24,2) , (32,14)]
ratio=1.3333333333333333 Rectangles:[(12,10) , (14,29)][(12,8) , (14,13)][(0,12) , (16,27)][(0,23) , (16,26)]
ratio=4.129032258064516 Rectangles:[(16,1) , (32,13)][(16,23) , (32,29)][(0,7) , (32,22)][(0,27) , (16,29)]
ratio=1.4545454545454546 Rectangles:[(16,6) , (24,18)][(20,6) , (24,7)][(8,7) , (16,19)][(0,27) , (16,29)][(0,27) , (16,28)][(18,1) , (20,24)][(8,15) , (16,24)]
ratio=1.5384615384615385 Rectangles:[(0,25) , (16,29)][(24,17) , (28,21)][(0,26) , (16,29)]
ratio=4.363636363636363 Rectangles:[(0,19) , (16,22)][(16,0) , (24,23)]
ratio=1.5483870967741935 Rectangles:[(0,18) , (16,23)][(14,14) , (16,22)][(0,15) , (16,23)][(0,21) , (16,29)][(8,24) , (16,25)]
ratio=1.5294117647058822 Rectangles:[(22,25) , (24,27)][(0,4) , (16,24)][(0,21) , (16,22)][(16,7) , (24,8)][(0,13) , (16,29)][(20,6) , (24,18)]
ratio=1.6 Rectangles:[(0,8) , (16,27)][(0,24) , (16,26)]
ratio=1.4545454545454546 Rectangles:[(0,16) , (16,18)][(0,9) , (8,29)]
ratio=1.4814814814814814 Rectangles:[(0,25) , (16,26)][(0,5) , (16,25)][(24,20) , (28,24)][(0,25) , (16,27)]
ratio=1.2592592592592593 Rectangles:[(21,16) , (22,24)][(0,24) , (16,28)][(0,28) , (16,29)]
ratio=1.6 Rectangles:[(18,4) , (19,17)][(16,3) , (24,20)][(20,14) , (24,24)]
ratio=4.0 Rectangles:[(16,18) , (32,25)][(0,14) , (16,22)][(0,23) , (16,24)]
ratio=1.6 Rectangles:[(28,4) , (29,22)][(16,18) , (17,21)][(26,14) , (28,15)][(8,19) , (16,29)][(8,22) , (16,25)]
ratio=1.5238095238095237 Rectangles:[(0,1) , (16,16)][(0,23) , (16,24)][(0,15) , (16,18)][(0,24) , (16,29)][(12,14) , (16,22)][(11,24) , (12,29)]
ratio=1.3571428571428572 Rectangles:[(26,25) , (27,27)][(0,5) , (16,21)][(0,12) , (16,28)][(8,25) , (10,29)][(0,18) , (16,23)]
ratio=4.111111111111111 Rectangles:[(24,20) , (28,29)][(8,9) , (10,14)][(28,23) , (29,29)][(0,16) , (16,27)][(16,17) , (32,20)][(12,19) , (16,21)][(8,10) , (12,16)]
ratio=1.28 Rectangles:[(0,15) , (16,16)][(0,12) , (16,21)]
ratio=1.3333333333333333 Rectangles:[(0,27) , (16,28)][(0,13) , (8,29)][(0,24) , (16,29)][(26,9) , (28,27)][(0,27) , (16,28)][(27,11) , (28,22)]
ratio=1.4545454545454546 Rectangles:[(16,2) , (24,12)][(16,9) , (24,20)]
ratio=1.5555555555555556 Rectangles:[(24,24) , (25,27)][(26,9) , (28,20)][(8,13) , (16,23)][(8,5) , (16,27)][(24,3) , (25,6)][(20,16) , (22,20)]
ratio=4.0 Rectangles:[(12,20) , (14,28)][(16,5) , (32,27)][(16,23) , (24,29)][(8,11) , (16,25)][(0,13) , (16,26)]
ratio=1.6 Rectangles:[(0,24) , (16,28)][(14,15) , (15,26)][(0,17) , (16,27)]
ratio=1.2258064516129032 Rectangles:[(11,20) , (12,22)][(15,27) , (16,28)][(27,20) , (28,28)][(0,15) , (16,16)][(0,2) , (16,19)][(0,9) , (16,16)][(0,15) , (16,20)]
ratio=4.533333333333333 Rectangles:[(16,5) , (32,19)][(0,10) , (16,19)][(8,23) , (10,26)]
ratio=1.5172413793103448 Rectangles:[(8,14) , (12,25)][(8,13) , (12,21)][(0,10) , (16,20)][(0,7) , (8,10)][(0,5) , (16,17)][(24,9) , (26,25)]
ratio=1.4782608695652173 Rectangles:[(19,3) , (20,14)][(0,14) , (16,27)][(0,23) , (16,28)][(0,18) , (8,24)]
ratio=1.3333333333333333 Rectangles:[(26,20) , (28,29)][(26,8) , (27,23)]
ratio=1.4615384615384615 Rectangles:[(8,4) , (16,20)][(0,5) , (16,12)][(8,25) , (10,27)][(0,12) , (16,22)][(25,9) , (26,20)]
ratio=1.3333333333333333 Rectangles:[(16,12) , (20,21)][(16,2) , (24,13)]
ratio=1.5555555555555556 Rectangles:[(0,9) , (8,16)][(0,12) , (8,13)][(24,0) , (28,3)][(26,5) , (28,26)][(26,11) , (28,17)]
ratio=4.0 Rectangles:[(16,14) , (32,27)][(1,8) , (2,21)][(0,8) , (16,20)][(20,2) , (24,16)]
ratio=1.4545454545454546 Rectangles:[(0,7) , (8,17)][(0,2) , (16,24)]
ratio=1.4545454545454546 Rectangles:[(8,7) , (16,24)][(8,21) , (16,27)]
ratio=1.6 Rectangles:[(0,20) , (16,21)][(0,19) , (16,25)][(4,2) , (8,9)]
ratio=1.565217391304348 Rectangles:[(0,16) , (16,26)][(0,1) , (16,29)][(10,11) , (12,12)]
ratio=4.266666666666667 Rectangles:[(16,2) , (32,17)][(16,11) , (24,25)][(0,10) , (16,18)][(20,5) , (21,27)]
ratio=1.4594594594594594 Rectangles:[(0,13) , (16,28)][(0,28) , (16,29)][(0,27) , (16,28)][(24,22) , (26,26)][(22,26) , (23,28)][(16,3) , (24,9)][(20,3) , (22,12)]
ratio=4.444444444444445 Rectangles:[(0,17) , (16,18)][(16,8) , (20,24)]
ratio=4.117647058823529 Rectangles:[(0,24) , (16,26)][(8,17) , (16,28)][(24,16) , (26,24)][(28,7) , (29,17)][(28,15) , (29,22)][(16,18) , (32,28)][(16,28) , (18,29)]
ratio=4.0 Rectangles:[(16,10) , (32,15)][(16,22) , (24,24)][(0,14) , (16,26)][(8,2) , (16,22)]
ratio=1.3333333333333333 Rectangles:[(26,16) , (27,20)][(26,13) , (28,18)]
ratio=4.16 Rectangles:[(20,10) , (22,21)][(12,27) , (16,28)][(16,19) , (32,20)][(24,4) , (28,17)][(0,26) , (16,27)][(0,16) , (16,19)]
ratio=1.4782608695652173 Rectangles:[(0,9) , (16,25)][(0,17) , (16,24)][(19,2) , (20,13)][(0,6) , (16,28)]
ratio=1.4545454545454546 Rectangles:[(0,18) , (16,20)][(0,16) , (16,20)]
ratio=1.3793103448275863 Rectangles:[(28,3) , (29,18)][(26,25) , (28,28)][(6,24) , (7,27)][(0,15) , (16,22)][(0,9) , (16,22)]
ratio=1.4545454545454546 Rectangles:[(22,8) , (24,19)][(16,10) , (24,24)][(16,2) , (20,11)]
ratio=1.5714285714285714 Rectangles:[(0,12) , (16,25)][(26,1) , (28,11)][(0,16) , (16,25)][(24,22) , (28,28)]
ratio=1.5609756097560976 Rectangles:[(0,27) , (16,29)][(4,8) , (8,16)][(12,6) , (16,23)][(0,26) , (16,28)][(0,16) , (16,27)][(0,26) , (16,27)][(8,24) , (16,26)]
ratio=1.565217391304348 Rectangles:[(0,0) , (8,18)][(18,21) , (20,23)][(0,6) , (16,10)]
ratio=4.0 Rectangles:[(24,26) , (28,28)][(16,3) , (32,18)][(16,8) , (32,23)][(0,12) , (16,21)]
ratio=1.3846153846153846 Rectangles:[(0,3) , (16,21)][(0,2) , (8,16)][(0,9) , (8,13)][(6,15) , (8,20)]
ratio=4.0 Rectangles:[(16,21) , (20,25)][(0,20) , (16,28)]
ratio=1.5714285714285714 Rectangles:[(28,24) , (29,27)][(0,9) , (8,21)][(0,19) , (2,29)][(0,13) , (8,18)]
ratio=1.5 Rectangles:[(24,2) , (28,8)][(24,17) , (28,28)][(0,17) , (16,18)][(0,9) , (16,20)]
ratio=1.5483870967741935 Rectangles:[(0,26) , (16,27)][(4,20) , (8,24)][(8,0) , (12,20)][(0,22) , (16,27)]
ratio=4.571428571428571 Rectangles:[(16,2) , (32,27)][(0,26) , (16,29)][(0,23) , (16,26)]
ratio=1.5483870967741935 Rectangles:[(17,17) , (18,25)][(0,4) , (16,29)][(0,0) , (4,13)][(16,7) , (24,29)][(0,2) , (16,21)][(0,12) , (16,14)][(16,23) , (24,28)]
ratio=4.0 Rectangles:[(0,24) , (16,25)][(16,20) , (32,29)][(0,7) , (16,29)][(0,2) , (32,5)][(0,3) , (8,24)][(20,16) , (24,29)]
ratio=1.5862068965517242 Rectangles:[(0,21) , (16,26)][(26,15) , (28,19)][(6,8) , (7,21)][(0,25) , (8,27)][(16,0) , (20,16)][(0,17) , (16,29)]
ratio=1.4666666666666666 Rectangles:[(26,2) , (28,22)][(12,23) , (13,28)][(26,12) , (28,17)][(16,18) , (24,29)][(16,20) , (20,26)][(22,18) , (24,28)]
ratio=1.5555555555555556 Rectangles:[(0,26) , (16,27)][(0,25) , (16,26)][(27,3) , (28,13)][(4,22) , (8,29)][(0,14) , (2,22)][(10,16) , (12,17)]
ratio=1.6 Rectangles:[(22,25) , (24,29)][(21,24) , (22,29)][(20,7) , (24,28)]
ratio=1.5714285714285714 Rectangles:[(0,25) , (16,28)][(0,20) , (16,28)][(20,5) , (22,13)][(4,17) , (8,24)][(0,17) , (16,25)]
ratio=1.5 Rectangles:[(26,14) , (28,19)][(27,2) , (28,27)][(0,22) , (16,24)][(0,7) , (8,22)]
ratio=1.6 Rectangles:[(0,12) , (8,29)][(0,21) , (16,28)]
ratio=4.117647058823529 Rectangles:[(18,26) , (20,28)][(0,17) , (16,25)][(28,4) , (29,10)][(16,19) , (32,29)][(28,22) , (29,27)][(16,2) , (24,24)]
ratio=1.6 Rectangles:[(0,18) , (16,29)][(0,4) , (16,19)]
ratio=4.0 Rectangles:[(16,26) , (24,28)][(24,6) , (26,14)][(0,10) , (16,22)][(16,5) , (32,10)][(24,9) , (26,24)][(0,23) , (16,29)][(16,17) , (20,20)]
ratio=1.5 Rectangles:[(8,3) , (12,27)][(24,15) , (26,19)][(8,16) , (10,22)]
ratio=4.363636363636363 Rectangles:[(16,4) , (24,20)][(0,2) , (16,20)][(18,19) , (20,28)]
ratio=4.0 Rectangles:[(0,17) , (16,27)][(0,5) , (16,10)][(16,24) , (32,29)]
ratio=1.1428571428571428 Rectangles:[(20,16) , (24,25)][(20,20) , (24,27)]
ratio=4.0 Rectangles:[(16,0) , (20,18)][(20,9) , (22,25)]
ratio=1.4545454545454546 Rectangles:[(16,2) , (24,27)][(16,14) , (24,16)]
ratio=4.923076923076923 Rectangles:[(16,14) , (32,17)][(0,11) , (16,22)]
ratio=1.5454545454545454 Rectangles:[(14,6) , (15,22)][(8,17) , (16,21)][(0,21) , (8,23)][(0,5) , (16,21)][(10,18) , (12,21)][(28,20) , (29,29)]
ratio=1.5238095238095237 Rectangles:[(0,22) , (16,24)][(0,12) , (16,23)]
ratio=1.3333333333333333 Rectangles:[(20,15) , (24,26)][(20,5) , (24,23)]
ratio=1.6 Rectangles:[(16,20) , (24,26)][(16,9) , (24,24)][(24,16) , (28,18)]
ratio=4.444444444444445 Rectangles:[(16,26) , (20,28)][(0,27) , (16,28)]
ratio=1.4545454545454546 Rectangles:[(16,9) , (24,25)][(20,12) , (24,19)][(16,14) , (24,16)]
ratio=4.0 Rectangles:[(26,8) , (28,25)][(16,28) , (32,29)][(24,10) , (28,25)][(16,18) , (32,25)][(16,11) , (32,15)][(16,0) , (20,11)][(0,2) , (16,15)][(0,24) , (16,28)]
ratio=1.391304347826087 Rectangles:[(0,6) , (16,22)][(0,15) , (4,23)][(0,18) , (16,23)][(0,22) , (4,23)]
ratio=4.0 Rectangles:[(16,10) , (20,19)][(0,4) , (16,21)]
ratio=5.333333333333333 Rectangles:[(0,11) , (16,28)][(16,27) , (24,28)]
ratio=4.235294117647059 Rectangles:[(16,15) , (32,16)][(20,8) , (24,11)][(0,15) , (16,23)]
ratio=1.411764705882353 Rectangles:[(0,23) , (16,29)][(0,17) , (4,27)][(7,4) , (8,27)][(16,0) , (24,5)][(0,22) , (16,26)]
ratio=1.6 Rectangles:[(0,23) , (8,24)][(0,24) , (16,28)][(0,25) , (16,28)]
ratio=1.4545454545454546 Rectangles:[(8,18) , (16,20)][(8,15) , (16,20)]
ratio=1.6 Rectangles:[(0,15) , (8,18)][(0,17) , (8,29)][(20,18) , (24,27)][(8,27) , (12,28)]
ratio=4.571428571428571 Rectangles:[(16,1) , (32,15)][(0,9) , (16,26)]
ratio=1.5714285714285714 Rectangles:[(0,17) , (16,23)][(0,7) , (8,19)][(0,14) , (16,26)][(0,13) , (16,22)][(27,9) , (28,17)][(24,16) , (26,19)][(16,4) , (18,25)][(19,8) , (20,21)]
ratio=1.3333333333333333 Rectangles:[(16,20) , (24,24)][(16,22) , (24,29)]
