ratio=3.493212669683258 Rectangles:[(32,43) , (36,55)][(0,56) , (256,95)][(96,73) , (100,84)][(64,60) , (80,81)][(56,65) , (64,81)][(48,29) , (64,88)][(40,41) , (42,62)][(92,37) , (96,91)][(38,85) , (40,95)][(0,23) , (16,50)][(0,19) , (128,50)][(0,62) , (256,98)]
ratio=3.764705882352941 Rectangles:[(0,2) , (32,74)]
ratio=3.1818181818181817 Rectangles:[(0,4) , (64,91)][(84,44) , (86,93)][(56,66) , (64,68)][(0,9) , (256,56)][(88,23) , (96,90)][(0,12) , (128,93)][(0,32) , (16,35)][(64,48) , (96,50)]
ratio=3.84 Rectangles:[(64,23) , (128,32)][(64,36) , (96,92)]
ratio=3.3978494623655915 Rectangles:[(56,82) , (64,99)][(94,25) , (96,50)][(20,63) , (24,71)][(64,15) , (80,64)][(84,2) , (88,96)][(64,69) , (96,82)][(56,69) , (64,76)][(64,26) , (72,75)][(32,20) , (64,58)][(0,76) , (64,99)]
ratio=2.226086956521739 Rectangles:[(64,60) , (80,80)][(64,56) , (96,71)][(0,25) , (128,66)][(64,50) , (128,92)]
ratio=3.065868263473054 Rectangles:[(0,46) , (64,72)][(72,66) , (80,75)][(0,67) , (256,92)][(0,8) , (16,85)][(80,50) , (96,81)]
ratio=4.666666666666667 Rectangles:[(0,62) , (16,70)][(92,84) , (96,87)][(64,84) , (128,93)][(32,78) , (64,99)]
ratio=3.4216867469879517 Rectangles:[(44,70) , (48,78)][(34,84) , (36,92)][(0,23) , (128,97)][(24,88) , (32,92)][(14,85) , (16,95)][(64,67) , (96,93)][(0,5) , (256,86)][(80,4) , (82,81)][(32,20) , (48,53)]
ratio=3.4594594594594597 Rectangles:[(32,47) , (64,92)][(0,44) , (64,71)][(64,3) , (128,97)]
ratio=3.6164383561643834 Rectangles:[(0,24) , (256,27)][(64,53) , (80,98)][(32,35) , (48,51)][(32,33) , (48,69)][(0,83) , (16,98)][(4,87) , (6,98)][(0,80) , (256,97)][(56,26) , (60,83)][(12,79) , (16,90)][(32,14) , (34,57)]
ratio=3.623931623931624 Rectangles:[(0,51) , (256,99)][(0,7) , (64,86)][(0,81) , (256,90)][(64,20) , (72,80)][(16,24) , (32,54)][(0,92) , (256,98)][(0,69) , (256,79)][(68,30) , (72,45)][(8,94) , (16,95)][(64,16) , (128,49)][(0,76) , (128,94)][(68,75) , (72,84)]
ratio=3.758530183727034 Rectangles:[(64,89) , (128,92)][(16,60) , (32,92)][(0,89) , (64,99)][(14,88) , (16,98)][(0,83) , (256,85)][(64,50) , (128,52)][(0,13) , (128,23)][(44,47) , (48,63)][(0,18) , (256,56)][(56,42) , (64,68)][(66,89) , (68,99)][(16,95) , (32,99)]
ratio=3.2 Rectangles:[(0,96) , (8,97)]
ratio=3.9245283018867925 Rectangles:[(96,98) , (112,99)][(0,59) , (256,89)][(64,57) , (80,91)][(88,61) , (96,95)][(80,28) , (88,65)][(0,42) , (128,53)][(64,86) , (80,99)][(32,75) , (64,81)]
ratio=3.7961783439490446 Rectangles:[(60,94) , (64,96)][(32,80) , (64,96)][(44,19) , (48,70)][(48,38) , (64,90)][(32,39) , (64,40)][(32,2) , (48,9)][(0,28) , (256,61)][(64,60) , (96,79)][(40,87) , (44,89)][(64,23) , (96,89)][(2,5) , (4,39)][(0,97) , (128,98)][(0,80) , (256,97)]
ratio=2.6666666666666665 Rectangles:[(0,82) , (32,90)][(10,37) , (12,61)][(4,11) , (6,72)][(0,53) , (64,65)][(16,13) , (24,54)][(0,47) , (64,94)]
ratio=3.6 Rectangles:[(0,82) , (256,83)][(64,52) , (128,74)][(0,81) , (256,99)][(40,10) , (44,18)][(32,72) , (64,99)][(0,59) , (128,93)]
ratio=3.9322033898305087 Rectangles:[(0,42) , (128,48)][(96,72) , (128,94)][(0,94) , (64,99)][(48,30) , (64,52)][(48,55) , (64,60)][(0,84) , (256,85)]
ratio=3.473684210526316 Rectangles:[(20,81) , (22,83)][(96,72) , (112,97)][(72,7) , (80,82)][(80,24) , (96,74)][(40,54) , (48,77)][(48,42) , (64,96)]
ratio=3.742690058479532 Rectangles:[(16,55) , (32,80)][(0,36) , (256,71)][(64,8) , (128,25)]
ratio=3.814569536423841 Rectangles:[(48,59) , (64,95)][(32,44) , (64,97)][(70,34) , (72,81)][(0,43) , (128,64)][(0,64) , (256,66)][(96,46) , (128,93)][(0,86) , (32,91)][(0,63) , (128,88)][(0,56) , (16,97)]
ratio=3.5799086757990866 Rectangles:[(48,93) , (56,98)][(0,77) , (128,99)][(82,92) , (84,93)][(0,38) , (256,65)][(0,8) , (256,42)][(56,83) , (64,89)][(16,85) , (20,99)]
ratio=3.5555555555555554 Rectangles:[(16,52) , (32,58)]
ratio=3.509433962264151 Rectangles:[(94,53) , (96,84)][(0,4) , (32,13)][(0,76) , (256,97)][(0,16) , (256,38)][(0,4) , (256,30)][(0,90) , (16,97)][(0,53) , (16,97)][(0,60) , (16,90)][(28,73) , (32,93)][(0,2) , (128,81)][(32,52) , (36,85)][(64,91) , (72,92)]
ratio=3.074235807860262 Rectangles:[(0,84) , (16,99)][(0,29) , (8,67)][(0,2) , (64,89)][(4,20) , (8,48)][(24,7) , (32,76)][(40,23) , (44,73)][(72,65) , (80,93)][(0,54) , (64,91)][(0,4) , (128,96)][(0,90) , (128,94)][(0,55) , (256,91)][(0,58) , (64,74)][(0,14) , (32,29)]
ratio=2.4 Rectangles:[(22,65) , (24,83)][(72,6) , (76,15)]
ratio=3.0843373493975905 Rectangles:[(0,23) , (64,95)][(80,65) , (88,96)][(0,27) , (128,88)]
ratio=3.2 Rectangles:[(48,39) , (56,54)][(16,78) , (24,97)]
ratio=3.7587301587301587 Rectangles:[(64,45) , (96,98)][(22,25) , (24,71)][(80,14) , (96,31)][(0,29) , (64,35)][(46,77) , (48,82)][(88,76) , (96,80)][(46,51) , (48,98)][(0,95) , (128,97)][(0,52) , (256,64)][(64,34) , (128,72)][(0,77) , (128,88)]
ratio=3.872611464968153 Rectangles:[(64,56) , (72,84)][(16,52) , (32,80)][(32,5) , (40,96)][(64,46) , (96,87)][(0,36) , (8,38)][(0,42) , (256,51)][(0,53) , (16,73)]
ratio=3.020408163265306 Rectangles:[(0,4) , (32,59)][(76,89) , (78,96)][(64,66) , (80,96)][(56,56) , (64,92)][(56,64) , (58,74)][(64,53) , (80,85)][(32,5) , (48,12)][(64,64) , (72,82)]
ratio=3.813620071684588 Rectangles:[(64,8) , (80,21)][(16,73) , (32,90)][(0,91) , (256,97)][(0,65) , (256,83)][(60,49) , (64,81)][(64,83) , (96,84)]
ratio=3.7062146892655368 Rectangles:[(64,30) , (128,97)][(0,0) , (64,15)][(0,55) , (16,77)][(0,74) , (256,96)][(0,44) , (32,89)][(84,4) , (88,31)][(24,97) , (28,99)]
ratio=2.923076923076923 Rectangles:[(32,51) , (36,85)][(0,97) , (128,99)][(44,56) , (46,80)][(64,32) , (80,98)][(32,2) , (40,74)][(0,69) , (32,98)][(0,95) , (256,99)]
ratio=3.424124513618677 Rectangles:[(0,69) , (256,78)][(0,48) , (128,81)][(0,94) , (128,95)][(48,96) , (64,99)][(0,49) , (8,72)][(64,14) , (96,76)][(76,10) , (78,85)][(0,72) , (256,89)][(0,22) , (128,90)][(0,36) , (128,82)][(80,38) , (96,70)][(64,20) , (80,45)][(16,26) , (24,30)]
ratio=3.84 Rectangles:[(0,26) , (4,68)][(0,22) , (16,68)][(0,84) , (64,91)][(0,97) , (64,98)][(0,50) , (256,79)][(32,51) , (64,76)]
ratio=2.5 Rectangles:[(92,47) , (96,67)][(76,90) , (78,96)][(16,14) , (20,94)]
ratio=3.4394904458598727 Rectangles:[(64,43) , (72,49)][(16,45) , (32,99)][(0,44) , (256,92)][(0,67) , (128,84)][(48,15) , (52,28)][(0,84) , (16,97)][(50,11) , (52,65)][(98,21) , (100,64)]
ratio=3.1085714285714285 Rectangles:[(0,62) , (256,74)][(0,54) , (128,84)][(0,16) , (256,99)][(0,83) , (128,99)][(0,56) , (64,85)][(0,87) , (256,92)][(72,90) , (80,97)][(32,63) , (64,80)][(0,60) , (128,87)][(44,36) , (46,77)][(0,57) , (128,62)]
ratio=3.5 Rectangles:[(10,7) , (12,72)][(48,49) , (64,52)][(32,14) , (48,85)][(72,18) , (80,63)]
ratio=3.085714285714286 Rectangles:[(8,26) , (12,33)][(70,17) , (72,83)][(0,39) , (64,50)][(40,74) , (48,76)][(28,42) , (32,68)][(0,89) , (128,92)][(0,78) , (32,93)][(0,58) , (64,64)][(0,29) , (128,99)][(32,40) , (34,77)][(0,24) , (32,74)]
ratio=2.964467005076142 Rectangles:[(32,85) , (64,90)][(16,80) , (20,83)][(0,42) , (256,90)][(0,65) , (8,97)][(0,67) , (256,87)][(0,33) , (128,74)][(8,2) , (12,97)]
ratio=3.04 Rectangles:[(40,69) , (44,98)][(90,37) , (92,56)][(0,16) , (128,21)][(32,21) , (40,78)][(0,2) , (64,76)][(0,57) , (128,86)][(0,66) , (64,70)][(56,14) , (64,53)][(32,71) , (40,89)]
ratio=3.272727272727273 Rectangles:[(78,3) , (80,88)][(48,81) , (64,90)]
ratio=3.616 Rectangles:[(0,80) , (16,90)][(0,21) , (8,54)][(26,39) , (28,94)][(40,97) , (44,98)][(32,34) , (34,93)][(0,36) , (8,60)][(32,33) , (64,83)][(0,47) , (256,79)][(80,50) , (96,73)][(0,9) , (64,41)][(0,24) , (256,70)][(0,83) , (128,99)]
ratio=3.7209302325581395 Rectangles:[(6,50) , (8,89)][(0,24) , (64,25)][(0,65) , (64,80)][(32,44) , (48,59)][(80,63) , (96,92)]
ratio=3.1801242236024843 Rectangles:[(0,34) , (128,54)][(0,31) , (128,44)][(64,35) , (128,71)][(0,46) , (128,64)][(76,59) , (78,98)][(16,50) , (18,63)]
ratio=3.447619047619048 Rectangles:[(0,68) , (128,90)][(0,97) , (128,98)][(64,8) , (128,48)][(0,73) , (256,77)][(0,33) , (256,82)][(0,90) , (256,93)][(80,69) , (96,90)][(0,13) , (128,81)][(12,11) , (16,31)][(96,90) , (112,97)][(64,96) , (128,98)][(48,32) , (64,38)]
ratio=3.088803088803089 Rectangles:[(0,54) , (128,55)][(0,79) , (128,96)][(48,69) , (64,80)][(0,43) , (128,99)][(0,86) , (128,98)][(0,48) , (128,67)][(0,89) , (256,95)]
ratio=3.81651376146789 Rectangles:[(88,50) , (96,99)][(0,90) , (16,92)][(0,56) , (128,72)][(64,26) , (80,57)][(0,54) , (128,97)][(0,14) , (64,46)]
ratio=3.4871794871794872 Rectangles:[(78,39) , (80,83)][(78,61) , (80,89)][(94,79) , (96,82)][(64,84) , (80,92)][(0,18) , (16,91)][(32,74) , (64,92)]
ratio=3.5675675675675675 Rectangles:[(0,79) , (128,98)][(40,58) , (44,75)][(0,38) , (64,96)][(0,7) , (32,80)][(56,57) , (64,65)][(64,29) , (96,67)][(16,88) , (20,89)][(68,48) , (72,56)][(0,49) , (256,51)]
ratio=3.6470588235294117 Rectangles:[(16,75) , (18,92)][(48,53) , (56,68)][(92,62) , (94,65)][(64,64) , (80,79)][(0,1) , (64,42)][(32,88) , (64,95)]
ratio=3.84 Rectangles:[(64,73) , (128,89)][(0,57) , (32,83)]
ratio=3.9689922480620154 Rectangles:[(0,4) , (64,97)][(0,92) , (256,95)]
ratio=3.4545454545454546 Rectangles:[(96,68) , (104,81)][(70,61) , (72,98)][(0,75) , (128,84)][(48,75) , (64,83)][(32,51) , (64,93)][(0,12) , (256,16)][(0,18) , (128,31)][(0,35) , (32,63)][(0,41) , (16,88)][(32,79) , (64,98)][(0,94) , (64,98)]
ratio=3.5 Rectangles:[(0,95) , (16,96)][(0,20) , (4,91)][(64,64) , (96,81)][(52,21) , (56,66)]
ratio=3.812274368231047 Rectangles:[(24,8) , (32,13)][(0,88) , (256,95)][(0,45) , (256,55)][(60,88) , (64,96)][(0,59) , (16,89)][(64,97) , (72,99)]
ratio=3.5555555555555554 Rectangles:[(48,85) , (64,89)]
ratio=3.536842105263158 Rectangles:[(0,74) , (16,79)][(82,20) , (84,56)][(40,23) , (48,90)][(80,20) , (96,99)][(0,18) , (8,92)][(80,51) , (96,60)][(0,1) , (16,79)][(0,87) , (8,90)][(64,25) , (80,34)][(54,26) , (56,46)][(0,29) , (128,49)][(64,33) , (80,37)][(40,12) , (48,83)]
ratio=3.6853932584269664 Rectangles:[(0,90) , (256,91)][(14,69) , (16,75)][(60,65) , (64,74)][(0,2) , (64,27)][(0,25) , (32,36)][(70,49) , (72,89)][(10,26) , (12,61)]
ratio=3.570815450643777 Rectangles:[(64,6) , (96,13)][(60,11) , (62,76)][(64,46) , (80,62)][(64,71) , (128,89)][(64,68) , (72,77)][(0,56) , (256,80)][(0,88) , (64,96)][(0,6) , (32,17)][(32,0) , (48,59)][(0,66) , (128,97)][(0,37) , (32,78)][(0,36) , (64,75)]
ratio=3.142857142857143 Rectangles:[(32,56) , (64,73)][(0,71) , (128,99)][(0,41) , (64,51)][(64,39) , (128,80)][(64,55) , (80,70)][(80,80) , (88,82)][(44,35) , (48,82)][(88,4) , (96,78)][(0,87) , (32,91)][(32,30) , (48,37)]
ratio=2.3373493975903616 Rectangles:[(0,17) , (128,18)][(0,1) , (64,69)][(0,1) , (128,20)][(32,47) , (36,67)][(24,22) , (32,52)][(32,94) , (48,97)][(76,42) , (78,44)][(76,83) , (80,98)][(0,39) , (32,87)][(84,85) , (88,86)][(80,65) , (84,85)]
ratio=3.9689922480620154 Rectangles:[(0,48) , (256,53)]
ratio=3.7222222222222223 Rectangles:[(0,70) , (16,94)][(32,49) , (64,63)][(16,2) , (20,47)][(88,91) , (90,95)][(48,31) , (64,36)][(0,9) , (32,38)][(32,86) , (48,95)][(64,98) , (128,99)][(0,51) , (256,61)]
ratio=2.622950819672131 Rectangles:[(0,41) , (128,71)][(0,54) , (32,57)][(64,69) , (72,76)][(0,58) , (128,91)][(0,29) , (16,96)][(34,40) , (36,84)][(28,33) , (30,61)]
ratio=2.694736842105263 Rectangles:[(32,75) , (64,83)][(36,47) , (40,58)][(66,80) , (68,91)][(56,68) , (64,96)][(0,78) , (64,85)][(0,52) , (128,62)][(64,30) , (68,70)][(0,32) , (4,84)][(0,67) , (128,97)][(52,41) , (54,90)]
ratio=3.92814371257485 Rectangles:[(64,58) , (96,93)][(80,93) , (88,99)][(32,59) , (36,74)][(0,50) , (256,75)][(64,14) , (128,25)]
ratio=3.0733590733590734 Rectangles:[(0,13) , (256,51)][(0,90) , (64,94)][(44,33) , (48,37)][(16,29) , (24,32)][(48,55) , (56,96)][(0,42) , (256,75)][(0,73) , (64,92)][(0,66) , (32,88)][(16,3) , (18,16)][(64,73) , (96,85)]
ratio=3.6923076923076925 Rectangles:[(0,92) , (32,95)][(64,13) , (80,52)]
ratio=3.8496240601503757 Rectangles:[(0,46) , (128,54)][(0,64) , (4,96)][(32,61) , (48,92)][(64,13) , (128,56)][(0,55) , (128,73)][(56,19) , (64,46)]
ratio=3.279445727482679 Rectangles:[(32,91) , (64,94)][(96,18) , (100,84)][(64,54) , (68,72)][(0,57) , (128,79)][(0,75) , (128,86)][(0,95) , (256,96)][(0,52) , (64,67)][(0,88) , (256,92)][(64,82) , (66,87)][(48,94) , (64,98)]
ratio=3.9183673469387754 Rectangles:[(64,30) , (128,47)][(0,81) , (128,95)]
ratio=3.6666666666666665 Rectangles:[(32,1) , (64,58)][(32,61) , (64,76)][(64,31) , (72,62)][(64,91) , (80,95)]
ratio=3.282051282051282 Rectangles:[(0,21) , (128,35)][(50,71) , (52,80)][(80,16) , (84,89)][(0,54) , (256,79)][(96,41) , (104,71)][(0,20) , (256,69)][(0,37) , (256,67)][(44,89) , (46,92)][(72,54) , (74,73)][(96,62) , (104,73)][(0,91) , (256,99)][(0,69) , (64,87)]
ratio=3.5164835164835164 Rectangles:[(72,64) , (80,88)][(0,28) , (256,80)][(0,59) , (8,86)][(0,31) , (32,64)][(40,85) , (44,96)][(0,25) , (64,75)][(0,37) , (128,93)][(0,90) , (64,94)][(42,82) , (44,90)][(0,20) , (128,79)]
ratio=3.6216216216216215 Rectangles:[(60,30) , (62,65)][(32,25) , (64,70)][(80,31) , (96,45)][(0,76) , (256,83)][(0,59) , (32,64)][(0,60) , (128,73)][(46,53) , (48,55)][(64,22) , (96,98)][(0,13) , (64,89)]
ratio=2.950354609929078 Rectangles:[(0,90) , (32,95)][(64,29) , (80,94)][(48,0) , (64,82)][(64,30) , (80,97)][(32,42) , (48,47)][(0,87) , (64,92)][(0,39) , (128,84)][(64,68) , (96,73)][(0,42) , (128,93)]
ratio=3.04 Rectangles:[(52,66) , (56,67)][(32,28) , (64,59)][(16,1) , (24,17)][(32,1) , (48,44)][(0,16) , (128,62)][(94,47) , (96,83)][(48,73) , (64,74)][(64,95) , (96,99)]
ratio=3.643979057591623 Rectangles:[(32,12) , (40,33)][(56,48) , (64,88)][(96,37) , (100,60)][(64,69) , (128,96)][(0,62) , (64,88)][(0,67) , (128,83)][(0,50) , (256,85)][(0,65) , (128,94)][(56,17) , (64,76)][(20,72) , (22,84)][(64,87) , (128,95)][(48,27) , (64,69)][(48,82) , (64,93)]
ratio=3.8805970149253732 Rectangles:[(0,68) , (128,84)][(14,17) , (16,47)]
ratio=3.6682926829268294 Rectangles:[(38,93) , (40,98)][(0,83) , (2,86)][(0,64) , (128,92)][(0,81) , (64,93)][(0,62) , (16,98)][(32,57) , (64,96)][(76,9) , (80,27)][(56,13) , (64,85)][(0,88) , (256,98)][(64,3) , (128,62)][(68,71) , (72,77)][(48,74) , (56,83)][(0,46) , (32,56)]
ratio=3.8963730569948187 Rectangles:[(80,96) , (88,99)][(86,94) , (88,95)][(96,73) , (112,79)][(56,90) , (60,91)][(0,26) , (64,67)][(88,95) , (96,99)][(0,70) , (256,82)][(94,81) , (96,93)][(80,10) , (96,53)][(50,28) , (52,94)][(64,37) , (96,55)][(88,92) , (96,98)]
ratio=2.9655172413793105 Rectangles:[(24,61) , (26,81)][(8,14) , (12,39)][(80,61) , (96,95)][(92,14) , (96,28)][(80,41) , (96,97)][(94,66) , (96,88)][(40,40) , (42,93)][(16,83) , (24,85)][(80,49) , (96,64)][(64,36) , (128,68)]
ratio=3.3164556962025316 Rectangles:[(48,92) , (52,93)][(88,5) , (92,95)][(64,83) , (96,99)][(0,55) , (256,59)][(60,63) , (62,87)][(48,65) , (52,92)][(0,76) , (256,90)][(0,0) , (128,80)][(88,2) , (96,26)][(0,15) , (128,83)]
ratio=3.943127962085308 Rectangles:[(32,47) , (34,54)][(64,4) , (128,61)][(60,89) , (64,95)][(0,18) , (256,99)][(0,23) , (256,58)][(32,23) , (64,86)][(0,85) , (128,97)][(24,3) , (32,89)][(64,76) , (96,80)][(0,27) , (128,82)]
ratio=3.950617283950617 Rectangles:[(0,3) , (64,59)][(40,2) , (48,28)][(0,60) , (64,84)][(0,10) , (256,97)]
ratio=3.764705882352941 Rectangles:[(32,14) , (64,99)]
ratio=3.6695652173913045 Rectangles:[(0,95) , (128,99)][(80,6) , (84,20)][(40,84) , (48,96)][(0,33) , (256,70)][(0,57) , (8,85)][(0,12) , (32,20)][(64,54) , (128,80)][(46,21) , (48,55)][(64,12) , (128,75)]
ratio=3.930131004366812 Rectangles:[(64,20) , (128,96)][(64,0) , (128,78)][(0,5) , (128,24)][(32,81) , (64,96)][(0,94) , (64,95)][(0,68) , (128,98)][(48,61) , (64,98)][(0,71) , (256,78)][(4,63) , (6,67)]
ratio=3.5555555555555554 Rectangles:[(48,72) , (64,93)]
ratio=3.2777777777777777 Rectangles:[(28,46) , (32,95)][(0,83) , (64,93)][(56,63) , (64,67)][(0,45) , (256,61)][(64,45) , (80,84)][(0,69) , (64,83)][(0,94) , (128,95)][(44,80) , (48,99)][(24,90) , (28,94)][(80,86) , (96,97)][(32,92) , (48,93)][(80,80) , (84,95)][(0,40) , (4,88)]
ratio=2.6666666666666665 Rectangles:[(32,46) , (36,57)][(88,5) , (92,89)]
ratio=3.5555555555555554 Rectangles:[(32,43) , (48,63)]
ratio=3.675675675675676 Rectangles:[(80,29) , (96,30)][(0,47) , (32,60)][(64,84) , (96,97)][(98,97) , (100,98)][(0,21) , (2,73)][(52,16) , (54,78)][(0,93) , (128,99)][(48,46) , (52,61)][(48,84) , (64,87)][(42,41) , (44,90)][(16,74) , (20,82)]
ratio=3.522184300341297 Rectangles:[(64,70) , (128,91)][(48,70) , (64,87)][(32,8) , (36,68)][(16,25) , (32,97)][(0,0) , (256,37)][(0,66) , (128,76)][(60,70) , (64,96)][(80,22) , (88,61)][(0,38) , (256,70)][(80,75) , (84,81)][(0,12) , (256,38)]
ratio=3.9196787148594376 Rectangles:[(8,30) , (16,83)][(12,52) , (16,63)][(0,98) , (128,99)][(0,17) , (64,26)][(64,67) , (96,74)][(0,19) , (32,42)][(0,87) , (256,89)]
ratio=3.8095238095238093 Rectangles:[(0,40) , (64,63)][(16,70) , (32,71)]
ratio=3.2653061224489797 Rectangles:[(24,57) , (28,92)][(0,15) , (256,75)][(48,78) , (56,99)][(0,16) , (16,51)][(66,23) , (68,81)][(0,18) , (64,58)][(0,88) , (64,94)][(0,44) , (64,66)]
ratio=3.085201793721973 Rectangles:[(12,37) , (16,40)][(38,11) , (40,59)][(0,49) , (256,63)][(80,35) , (84,95)][(84,94) , (88,99)][(0,40) , (256,54)][(0,88) , (64,99)][(16,8) , (32,22)]
ratio=2.762589928057554 Rectangles:[(0,71) , (64,82)][(0,71) , (64,87)][(0,77) , (128,91)][(40,69) , (48,98)][(0,87) , (128,94)][(0,58) , (4,72)]
ratio=3.585657370517928 Rectangles:[(0,97) , (256,98)][(0,87) , (64,97)][(40,16) , (48,53)][(64,15) , (128,57)][(40,69) , (42,71)][(64,81) , (128,94)][(96,89) , (104,95)][(0,53) , (128,75)][(48,94) , (64,99)]
ratio=3.5398230088495577 Rectangles:[(8,38) , (12,42)][(64,69) , (128,74)][(32,43) , (36,82)][(0,98) , (128,99)][(64,85) , (80,98)]
ratio=3.9304347826086956 Rectangles:[(0,17) , (64,35)][(88,8) , (96,16)][(0,35) , (128,54)][(64,9) , (128,26)][(80,9) , (96,21)][(0,91) , (256,95)][(68,18) , (72,27)]
ratio=3.1319148936170214 Rectangles:[(16,78) , (32,96)][(64,81) , (96,86)][(88,92) , (96,93)][(64,66) , (80,89)][(0,57) , (16,58)][(0,97) , (32,98)][(0,40) , (256,70)][(0,36) , (256,88)][(60,34) , (62,74)][(0,0) , (8,36)][(72,62) , (80,92)][(0,68) , (128,75)][(0,40) , (256,94)]
ratio=3.248730964467005 Rectangles:[(0,80) , (128,99)][(0,76) , (128,97)][(64,84) , (128,90)][(0,63) , (256,91)][(56,63) , (64,68)][(72,78) , (76,96)][(0,61) , (64,92)][(10,20) , (12,71)][(0,57) , (256,76)][(0,29) , (256,35)]
ratio=3.764705882352941 Rectangles:[(0,94) , (32,98)]
ratio=3.9689922480620154 Rectangles:[(0,43) , (256,87)][(88,34) , (96,99)][(80,18) , (96,97)][(66,50) , (68,51)]
ratio=3.4285714285714284 Rectangles:[(24,95) , (32,96)][(32,72) , (48,79)]
ratio=2.0 Rectangles:[(42,18) , (44,60)]
ratio=3.634069400630915 Rectangles:[(0,58) , (64,59)][(0,86) , (256,96)][(0,29) , (64,36)][(0,29) , (256,31)][(16,8) , (24,47)][(0,87) , (128,91)]
ratio=3.8285714285714287 Rectangles:[(0,29) , (128,65)][(8,0) , (12,13)][(84,32) , (86,35)][(74,11) , (76,24)]
ratio=3.0208333333333335 Rectangles:[(64,19) , (66,28)][(52,94) , (56,98)][(56,76) , (60,81)][(64,97) , (72,98)][(0,35) , (256,48)][(48,52) , (56,73)][(0,87) , (4,88)][(0,1) , (256,69)][(56,71) , (64,85)]
ratio=2.5 Rectangles:[(48,76) , (64,88)][(56,81) , (64,88)][(40,44) , (44,61)]
ratio=3.595505617977528 Rectangles:[(88,15) , (92,98)][(0,59) , (16,88)][(0,24) , (256,97)][(0,82) , (256,98)][(32,85) , (64,88)][(6,88) , (8,98)][(88,80) , (96,86)][(0,47) , (128,96)][(48,40) , (64,81)][(64,25) , (96,52)][(0,91) , (16,99)]
ratio=3.5555555555555554 Rectangles:[(48,96) , (64,99)]
ratio=3.6923076923076925 Rectangles:[(0,30) , (256,62)][(0,15) , (128,51)][(56,0) , (60,73)][(32,90) , (48,93)][(0,57) , (8,85)][(96,92) , (104,97)][(32,29) , (40,39)][(64,43) , (96,85)][(0,16) , (64,17)]
ratio=3.5929203539823007 Rectangles:[(8,22) , (16,29)][(0,46) , (32,82)][(22,17) , (24,40)][(0,90) , (128,95)][(0,79) , (256,88)][(16,36) , (20,42)][(80,96) , (88,98)]
ratio=2.6666666666666665 Rectangles:[(24,55) , (28,59)]
ratio=3.7463414634146344 Rectangles:[(64,10) , (128,20)][(0,6) , (16,57)][(0,47) , (128,64)][(64,65) , (128,67)][(48,85) , (64,95)][(92,9) , (96,84)][(0,82) , (128,94)]
ratio=3.823529411764706 Rectangles:[(0,86) , (256,97)][(0,52) , (128,87)][(32,38) , (64,42)][(28,59) , (32,76)][(0,30) , (128,45)][(24,28) , (32,86)][(26,93) , (28,98)]
ratio=3.592982456140351 Rectangles:[(58,42) , (60,82)][(64,57) , (128,84)][(0,34) , (256,44)][(62,71) , (64,88)][(0,28) , (16,98)][(0,56) , (256,72)]
ratio=3.9384615384615387 Rectangles:[(0,69) , (128,89)]
ratio=2.6391752577319587 Rectangles:[(0,86) , (64,98)][(90,55) , (92,72)][(0,41) , (256,99)][(0,22) , (64,81)][(64,9) , (96,66)][(28,14) , (32,98)][(8,13) , (10,90)][(0,57) , (256,86)][(48,36) , (64,80)][(32,73) , (36,91)][(64,12) , (128,33)][(0,12) , (128,59)]
ratio=2.9473684210526314 Rectangles:[(94,81) , (96,97)][(0,54) , (32,66)][(0,21) , (128,92)][(64,70) , (96,74)][(56,47) , (58,71)][(0,60) , (128,83)][(0,46) , (64,67)][(92,75) , (94,86)][(32,93) , (64,99)]
ratio=3.5285171102661597 Rectangles:[(32,45) , (48,48)][(50,63) , (52,98)][(0,61) , (256,70)][(2,80) , (4,97)][(24,57) , (32,58)][(0,19) , (128,57)][(20,41) , (24,42)][(24,66) , (32,82)][(92,85) , (96,98)][(0,74) , (64,80)][(18,38) , (20,55)][(32,10) , (48,51)]
ratio=3.6112852664576804 Rectangles:[(0,94) , (256,98)][(88,9) , (90,90)][(0,15) , (256,35)][(24,3) , (26,25)][(64,73) , (96,85)][(32,48) , (48,61)][(0,6) , (256,70)][(64,12) , (96,35)][(32,38) , (64,75)][(16,0) , (32,25)]
ratio=3.2 Rectangles:[(32,78) , (40,90)]
ratio=3.8348082595870205 Rectangles:[(0,3) , (128,9)][(0,10) , (256,87)][(64,38) , (96,45)][(64,27) , (128,99)][(8,51) , (16,60)][(60,30) , (62,32)][(32,95) , (48,98)][(0,92) , (256,98)][(32,1) , (64,33)]
ratio=2.9642857142857144 Rectangles:[(32,56) , (64,92)][(0,49) , (64,76)][(72,83) , (74,93)][(0,62) , (64,96)][(32,60) , (64,67)][(80,65) , (84,69)][(32,89) , (64,99)][(0,91) , (64,98)][(64,53) , (96,59)][(64,29) , (96,78)][(16,84) , (32,93)]
ratio=3.0 Rectangles:[(48,54) , (56,94)][(88,61) , (96,64)][(64,22) , (96,65)][(12,29) , (16,73)][(0,8) , (256,27)][(0,2) , (64,57)][(0,98) , (128,99)][(40,55) , (44,59)][(0,84) , (256,90)][(0,75) , (256,90)][(0,59) , (256,88)][(80,17) , (96,53)][(64,76) , (128,80)]
ratio=3.2263374485596708 Rectangles:[(68,14) , (70,55)][(32,69) , (48,93)][(70,28) , (72,60)][(76,27) , (80,41)][(0,10) , (32,24)][(58,63) , (60,81)][(0,9) , (256,37)][(0,77) , (64,96)][(24,61) , (32,77)][(24,20) , (26,91)][(36,92) , (40,94)][(64,42) , (128,57)][(0,21) , (64,71)]
ratio=3.9689922480620154 Rectangles:[(0,74) , (256,98)]
ratio=3.869767441860465 Rectangles:[(0,43) , (128,95)][(0,83) , (256,92)][(0,34) , (128,82)][(32,61) , (64,65)][(0,79) , (128,83)][(32,23) , (48,29)][(50,53) , (52,84)][(8,83) , (12,85)][(64,74) , (80,76)]
ratio=3.789473684210526 Rectangles:[(16,2) , (24,3)][(64,7) , (128,89)]
ratio=3.88 Rectangles:[(56,40) , (58,93)][(0,9) , (128,35)][(56,10) , (64,47)][(64,83) , (128,91)]
ratio=3.4972677595628414 Rectangles:[(30,10) , (32,86)][(0,46) , (256,52)][(0,22) , (256,45)][(0,60) , (128,73)][(0,51) , (256,87)][(0,27) , (128,32)][(0,13) , (128,52)][(0,10) , (64,82)][(88,63) , (96,86)][(16,37) , (24,88)]
ratio=3.3207547169811322 Rectangles:[(0,88) , (32,94)][(0,66) , (128,78)][(0,5) , (128,53)][(24,11) , (32,48)][(88,22) , (96,34)][(0,78) , (64,87)][(60,41) , (62,92)][(48,37) , (64,78)][(0,79) , (32,83)][(32,81) , (48,93)][(0,52) , (64,59)][(0,54) , (128,93)]
ratio=3.2086720867208673 Rectangles:[(36,9) , (38,84)][(0,30) , (128,33)][(28,22) , (32,98)][(0,13) , (256,69)][(0,45) , (32,53)][(0,43) , (128,70)][(0,47) , (128,63)][(64,77) , (128,84)][(0,35) , (64,60)][(64,78) , (68,84)][(48,56) , (64,75)][(0,97) , (128,98)]
ratio=3.506849315068493 Rectangles:[(52,59) , (54,81)][(32,53) , (64,60)][(0,18) , (64,83)][(0,11) , (256,89)]
ratio=3.705463182897862 Rectangles:[(0,64) , (128,75)][(0,29) , (128,44)][(12,3) , (16,20)][(62,42) , (64,92)][(0,10) , (128,53)][(0,38) , (128,50)][(0,0) , (256,23)][(72,58) , (80,63)][(56,87) , (58,92)][(0,18) , (256,69)][(66,79) , (68,88)][(0,93) , (256,95)]
ratio=3.9587628865979383 Rectangles:[(0,87) , (256,98)][(0,61) , (128,75)]
ratio=3.9689922480620154 Rectangles:[(0,55) , (256,84)]
ratio=3.9452054794520546 Rectangles:[(32,90) , (64,96)][(52,8) , (56,69)][(80,30) , (96,71)][(80,20) , (88,75)][(80,36) , (96,37)][(0,20) , (256,60)]
ratio=3.829383886255924 Rectangles:[(0,55) , (32,83)][(0,89) , (64,93)][(32,91) , (48,99)][(96,90) , (98,98)][(30,19) , (32,49)][(0,74) , (256,89)][(16,55) , (32,61)][(64,45) , (96,76)][(0,58) , (64,71)][(64,27) , (96,41)]
ratio=3.3630573248407645 Rectangles:[(0,22) , (128,94)][(60,60) , (64,84)][(14,72) , (16,87)][(0,14) , (64,85)][(0,71) , (64,87)][(70,36) , (72,91)][(96,33) , (128,86)][(40,57) , (44,98)][(0,45) , (64,89)][(16,25) , (24,41)][(0,68) , (256,77)]
ratio=3.150442477876106 Rectangles:[(64,19) , (128,78)][(0,38) , (8,44)][(48,11) , (56,72)][(40,19) , (42,77)][(68,92) , (70,94)][(32,82) , (48,86)][(32,4) , (64,92)][(64,73) , (96,91)][(64,91) , (128,98)]
ratio=3.6601307189542482 Rectangles:[(92,27) , (96,87)][(36,15) , (40,40)][(68,35) , (72,48)][(64,74) , (80,95)][(96,63) , (112,67)][(56,8) , (64,25)][(0,69) , (128,95)][(64,4) , (80,98)][(8,59) , (12,60)][(0,19) , (128,38)][(0,87) , (64,93)]
ratio=3.246376811594203 Rectangles:[(76,78) , (80,92)][(32,40) , (40,81)][(60,29) , (64,40)][(64,65) , (128,94)][(0,60) , (32,74)][(96,28) , (128,89)][(24,68) , (32,91)][(32,43) , (40,48)][(44,3) , (48,76)]
ratio=3.864406779661017 Rectangles:[(16,33) , (24,47)][(0,92) , (64,93)][(0,2) , (32,52)][(0,77) , (16,89)][(68,84) , (70,98)]
ratio=3.8805970149253732 Rectangles:[(0,0) , (128,4)][(68,26) , (70,84)]
ratio=2.423357664233577 Rectangles:[(24,85) , (28,99)][(64,43) , (68,50)][(48,12) , (64,18)][(0,32) , (128,80)][(32,62) , (48,76)][(64,13) , (128,88)][(72,20) , (76,84)][(94,46) , (96,61)][(0,64) , (64,77)][(96,43) , (100,56)][(0,76) , (16,98)][(48,80) , (56,86)][(84,63) , (88,93)]
ratio=1.9733333333333334 Rectangles:[(64,70) , (66,95)][(32,43) , (64,77)][(0,33) , (64,63)][(0,46) , (64,63)][(92,32) , (94,71)][(66,97) , (68,99)][(92,92) , (96,99)]
ratio=3.2275862068965515 Rectangles:[(72,0) , (80,43)][(32,62) , (64,74)][(0,47) , (64,58)][(68,80) , (72,87)][(68,88) , (72,98)][(0,40) , (32,78)][(22,23) , (24,85)][(80,89) , (82,90)][(64,25) , (72,47)][(0,34) , (128,38)]
ratio=3.627906976744186 Rectangles:[(16,13) , (18,16)][(72,9) , (80,73)][(0,96) , (64,98)][(28,32) , (32,45)]
ratio=2.242424242424242 Rectangles:[(64,33) , (128,61)][(8,16) , (16,95)][(8,85) , (16,93)][(8,92) , (12,93)][(0,51) , (64,95)][(0,19) , (64,72)][(2,60) , (4,66)][(0,41) , (64,96)][(0,46) , (4,76)][(0,37) , (64,83)][(0,87) , (16,88)]
ratio=2.1333333333333333 Rectangles:[(64,58) , (72,74)][(0,14) , (32,55)][(48,52) , (56,76)][(0,10) , (64,15)][(32,67) , (48,88)][(0,16) , (128,71)][(74,58) , (76,73)][(16,51) , (24,75)][(0,67) , (128,69)][(16,46) , (24,79)]
ratio=3.0476190476190474 Rectangles:[(20,58) , (24,76)][(48,16) , (56,73)][(22,0) , (24,64)][(56,3) , (64,64)][(0,13) , (128,88)][(0,86) , (32,90)][(40,88) , (44,89)][(0,41) , (8,85)][(0,86) , (64,97)][(72,62) , (76,77)][(64,21) , (96,41)][(0,23) , (64,91)]
ratio=3.5789473684210527 Rectangles:[(0,54) , (32,99)][(0,77) , (16,79)][(40,39) , (42,41)]
ratio=2.5511811023622046 Rectangles:[(64,48) , (80,91)][(80,12) , (96,19)][(56,56) , (60,66)][(72,69) , (74,99)][(64,46) , (96,97)][(0,35) , (128,77)][(0,47) , (128,84)][(0,50) , (64,53)][(72,45) , (80,46)][(56,74) , (60,87)][(2,50) , (4,55)]
ratio=3.0476190476190474 Rectangles:[(88,7) , (92,52)][(0,41) , (32,76)][(84,52) , (86,82)][(0,32) , (128,87)][(32,54) , (64,94)][(0,90) , (128,94)][(0,26) , (128,56)][(64,18) , (96,87)][(0,39) , (64,74)][(64,3) , (68,83)]
ratio=2.2580645161290325 Rectangles:[(64,45) , (96,95)][(16,78) , (24,86)][(32,87) , (40,88)][(80,89) , (88,91)][(0,81) , (64,99)][(48,23) , (56,52)][(8,21) , (10,48)][(0,67) , (128,84)][(0,39) , (128,78)][(76,19) , (78,93)]
ratio=3.7777777777777777 Rectangles:[(72,94) , (76,96)][(64,12) , (128,51)]
ratio=3.6026490066225167 Rectangles:[(32,16) , (64,31)][(64,53) , (96,77)][(0,86) , (64,94)][(0,13) , (8,90)][(8,77) , (12,95)][(0,90) , (64,94)][(0,2) , (128,5)][(16,16) , (32,32)]
ratio=3.0476190476190474 Rectangles:[(24,73) , (32,83)][(0,50) , (32,74)][(0,91) , (128,98)][(0,86) , (64,99)][(0,29) , (128,73)][(96,22) , (100,96)][(0,89) , (64,94)][(0,27) , (128,92)][(0,89) , (16,91)]
ratio=3.611111111111111 Rectangles:[(0,60) , (128,71)][(8,54) , (16,78)][(54,95) , (56,96)]
ratio=3.865771812080537 Rectangles:[(90,50) , (92,56)][(40,42) , (44,81)][(56,37) , (64,85)][(0,48) , (128,63)][(8,47) , (16,77)][(0,51) , (64,60)][(0,89) , (128,98)][(84,73) , (86,89)][(80,49) , (88,97)][(34,87) , (36,93)][(0,61) , (32,86)]
ratio=3.4285714285714284 Rectangles:[(0,37) , (64,68)][(64,57) , (128,99)][(64,86) , (80,99)][(0,14) , (16,21)][(16,38) , (32,60)]
ratio=3.813953488372093 Rectangles:[(0,36) , (128,92)][(32,22) , (36,92)][(4,17) , (8,41)][(64,34) , (96,98)][(56,52) , (60,62)][(44,69) , (48,79)][(0,28) , (64,29)][(44,65) , (46,88)][(0,9) , (128,24)][(68,39) , (72,45)]
ratio=3.3766233766233764 Rectangles:[(0,82) , (64,87)][(64,24) , (80,36)][(64,17) , (128,44)][(16,76) , (32,94)][(58,51) , (60,64)]
ratio=2.909090909090909 Rectangles:[(48,19) , (56,32)][(42,68) , (44,81)][(48,71) , (52,98)][(0,3) , (128,10)][(0,45) , (64,84)][(48,7) , (56,15)][(0,89) , (32,95)][(0,72) , (128,91)][(24,36) , (32,54)][(64,6) , (96,69)][(0,0) , (64,10)]
ratio=2.0 Rectangles:[(22,86) , (24,89)]
ratio=3.168831168831169 Rectangles:[(0,56) , (64,78)][(10,35) , (12,91)][(16,71) , (24,92)][(0,48) , (64,49)][(0,83) , (4,88)][(0,39) , (128,50)][(64,98) , (96,99)][(48,39) , (56,61)][(64,40) , (66,67)][(0,3) , (16,20)]
ratio=3.6261682242990654 Rectangles:[(96,30) , (98,81)][(64,1) , (96,80)][(0,44) , (64,45)][(32,2) , (64,77)][(80,14) , (96,37)][(0,7) , (128,15)]
ratio=3.225806451612903 Rectangles:[(96,18) , (100,44)][(44,87) , (46,95)][(64,23) , (96,97)][(94,39) , (96,51)][(80,87) , (96,93)][(32,55) , (36,91)][(0,70) , (16,82)][(80,33) , (88,65)][(0,6) , (32,24)][(64,70) , (72,95)]
ratio=3.6363636363636362 Rectangles:[(0,9) , (32,41)][(56,87) , (64,91)]
ratio=3.3333333333333335 Rectangles:[(20,37) , (24,84)][(72,93) , (76,98)][(44,23) , (48,79)][(0,70) , (128,81)][(32,52) , (40,95)][(24,90) , (32,97)][(88,66) , (96,71)]
ratio=3.610810810810811 Rectangles:[(0,38) , (8,85)][(0,17) , (128,34)][(64,55) , (96,76)][(80,0) , (88,61)][(80,18) , (96,24)][(48,81) , (64,98)][(0,94) , (128,95)][(12,77) , (16,78)][(44,67) , (46,71)][(0,67) , (8,75)][(0,39) , (32,60)][(90,72) , (92,81)][(16,5) , (32,79)]
ratio=2.4380952380952383 Rectangles:[(44,39) , (46,96)][(16,2) , (24,50)][(44,8) , (46,52)][(0,38) , (128,73)][(0,32) , (64,99)][(32,2) , (64,59)]
ratio=3.4074074074074074 Rectangles:[(20,87) , (22,98)][(48,94) , (52,98)][(64,25) , (96,76)][(48,25) , (56,51)]
ratio=3.568345323741007 Rectangles:[(48,29) , (56,71)][(10,71) , (12,81)][(0,40) , (128,86)][(0,66) , (32,74)][(96,83) , (112,97)][(0,92) , (64,97)][(88,96) , (96,99)][(0,98) , (32,99)]
ratio=2.2666666666666666 Rectangles:[(26,46) , (28,96)][(0,71) , (16,99)][(0,43) , (128,95)][(0,97) , (64,99)][(76,45) , (80,54)][(72,4) , (80,8)][(84,32) , (88,83)][(52,53) , (56,71)][(0,69) , (128,72)]
ratio=3.3488372093023258 Rectangles:[(80,80) , (88,88)][(8,55) , (16,83)][(0,5) , (64,56)]
ratio=2.342857142857143 Rectangles:[(48,48) , (56,58)][(32,37) , (34,67)][(32,23) , (48,88)][(0,9) , (128,86)][(48,37) , (64,69)][(32,86) , (64,87)][(36,84) , (40,95)][(80,91) , (96,92)][(96,98) , (98,99)][(48,81) , (64,93)][(64,11) , (128,97)]
ratio=3.193548387096774 Rectangles:[(0,93) , (128,97)][(16,22) , (32,77)][(32,6) , (36,7)][(10,1) , (12,16)][(40,67) , (48,86)][(32,70) , (64,78)][(32,65) , (40,92)][(0,5) , (64,76)]
ratio=3.7209302325581395 Rectangles:[(0,23) , (32,65)][(96,96) , (128,97)][(10,39) , (12,70)][(0,83) , (64,84)][(8,62) , (16,80)][(32,39) , (64,49)][(28,1) , (30,77)]
ratio=3.7746478873239435 Rectangles:[(40,0) , (44,75)][(32,74) , (40,96)][(24,45) , (28,71)][(64,98) , (128,99)][(0,9) , (64,80)][(0,53) , (2,62)][(56,23) , (64,94)]
ratio=3.6315789473684212 Rectangles:[(0,95) , (128,96)][(80,98) , (82,99)][(32,71) , (40,98)][(32,31) , (40,94)]
ratio=3.3095238095238093 Rectangles:[(72,3) , (80,51)][(64,48) , (66,78)][(0,5) , (128,30)][(32,54) , (48,91)][(0,89) , (64,94)][(56,73) , (60,95)][(64,63) , (72,98)][(0,33) , (16,73)][(0,31) , (16,42)][(16,90) , (20,99)][(64,88) , (128,91)][(52,63) , (56,68)][(64,84) , (128,90)]
ratio=3.8260869565217392 Rectangles:[(54,35) , (56,71)][(0,96) , (128,98)][(40,69) , (42,94)]
ratio=3.246376811594203 Rectangles:[(0,3) , (128,75)][(0,59) , (32,83)][(8,95) , (12,99)][(0,98) , (64,99)][(32,75) , (64,81)][(0,33) , (32,68)]
ratio=3.707317073170732 Rectangles:[(36,2) , (40,80)][(24,87) , (32,88)][(0,95) , (64,96)]
ratio=3.0215827338129495 Rectangles:[(40,26) , (44,44)][(72,75) , (80,78)][(64,2) , (128,46)][(0,43) , (64,72)][(96,54) , (98,84)][(32,73) , (64,74)][(32,5) , (64,44)][(0,69) , (64,88)][(0,86) , (8,92)]
ratio=3.5789473684210527 Rectangles:[(8,46) , (12,50)][(0,16) , (2,46)][(0,27) , (64,29)]
ratio=3.2289156626506026 Rectangles:[(64,19) , (96,57)][(66,25) , (68,26)][(0,5) , (8,39)][(56,22) , (58,81)][(0,43) , (8,87)][(64,46) , (128,96)][(16,45) , (20,78)][(32,58) , (64,69)][(40,19) , (48,41)][(4,33) , (8,90)][(76,15) , (80,30)][(16,40) , (24,87)]
ratio=3.6 Rectangles:[(80,38) , (88,91)][(64,85) , (68,93)][(82,41) , (84,77)][(64,80) , (66,92)][(56,97) , (64,98)][(36,23) , (38,61)][(64,29) , (80,54)][(0,48) , (16,87)]
ratio=3.04 Rectangles:[(8,21) , (16,58)][(72,78) , (74,87)][(80,73) , (96,90)][(44,40) , (48,41)][(10,5) , (12,34)][(28,90) , (32,97)][(84,94) , (88,97)]
ratio=3.7333333333333334 Rectangles:[(0,51) , (32,68)][(64,39) , (96,61)][(80,40) , (96,77)][(0,41) , (64,59)][(8,51) , (12,53)][(64,62) , (128,63)][(0,33) , (32,55)][(72,75) , (76,84)][(0,38) , (32,40)][(48,47) , (50,90)]
ratio=2.8333333333333335 Rectangles:[(0,60) , (32,76)][(0,0) , (8,48)][(60,24) , (62,73)][(64,94) , (128,97)][(48,71) , (64,90)][(80,89) , (82,98)][(0,54) , (64,89)][(64,68) , (80,98)]
ratio=3.44 Rectangles:[(0,53) , (64,78)][(28,89) , (32,96)][(96,24) , (100,45)][(60,77) , (62,81)][(68,57) , (70,85)][(66,13) , (68,84)][(8,4) , (16,28)][(12,73) , (16,74)]
ratio=2.3304347826086955 Rectangles:[(16,27) , (32,30)][(2,58) , (4,73)][(32,47) , (48,59)][(0,68) , (64,98)][(0,81) , (64,92)][(24,33) , (32,63)][(0,59) , (64,88)][(24,95) , (28,99)][(0,37) , (32,79)][(34,63) , (36,69)][(0,5) , (32,59)]
ratio=3.5555555555555554 Rectangles:[(16,51) , (32,88)]
ratio=3.04 Rectangles:[(16,67) , (20,71)][(0,54) , (64,81)][(40,82) , (48,91)][(12,6) , (14,63)][(0,20) , (32,99)][(4,57) , (8,78)][(0,68) , (32,75)][(32,43) , (34,63)]
ratio=2.8085106382978724 Rectangles:[(32,28) , (64,32)][(8,15) , (16,71)][(0,90) , (32,94)][(0,57) , (64,65)][(32,30) , (64,84)][(40,92) , (42,93)][(32,18) , (48,54)][(32,38) , (64,90)][(6,81) , (8,82)]
ratio=3.5652173913043477 Rectangles:[(24,35) , (28,56)][(16,9) , (32,10)][(16,33) , (32,56)][(30,98) , (32,99)][(0,24) , (64,86)][(0,47) , (2,53)]
ratio=3.230769230769231 Rectangles:[(0,47) , (32,60)][(44,15) , (48,25)][(0,65) , (32,81)][(32,72) , (48,75)][(20,75) , (24,83)][(0,40) , (8,95)]
ratio=3.7777777777777777 Rectangles:[(44,96) , (48,97)][(0,0) , (64,94)][(18,50) , (20,74)]
ratio=2.769230769230769 Rectangles:[(32,21) , (64,40)][(32,68) , (40,76)][(0,23) , (32,87)][(32,16) , (64,77)][(32,3) , (48,62)][(0,43) , (16,92)]
ratio=3.2 Rectangles:[(8,19) , (16,29)]
ratio=3.238095238095238 Rectangles:[(42,73) , (44,98)][(0,82) , (16,92)][(32,5) , (40,84)][(24,12) , (26,13)][(28,65) , (32,80)][(0,6) , (16,58)][(40,67) , (44,75)][(22,84) , (24,99)][(12,28) , (16,65)][(16,14) , (32,36)]
ratio=2.3333333333333335 Rectangles:[(32,78) , (34,86)][(0,89) , (64,97)][(0,55) , (32,90)][(28,37) , (32,78)][(28,0) , (30,55)][(0,61) , (64,93)][(48,69) , (64,92)][(16,6) , (18,45)][(0,41) , (4,91)][(24,31) , (32,41)][(36,92) , (38,98)][(48,33) , (52,67)][(0,50) , (16,77)]
ratio=3.5398230088495577 Rectangles:[(24,63) , (32,87)][(32,19) , (40,63)][(0,14) , (16,81)][(0,65) , (32,75)][(0,30) , (8,89)][(0,25) , (64,46)][(8,95) , (16,99)][(32,60) , (48,90)][(0,58) , (32,62)][(0,24) , (16,85)][(4,13) , (8,48)][(0,8) , (32,64)][(0,89) , (64,97)]
ratio=3.878787878787879 Rectangles:[(0,96) , (64,98)][(0,24) , (64,88)][(48,73) , (56,74)]
ratio=3.310344827586207 Rectangles:[(24,27) , (32,76)][(0,38) , (8,82)][(30,34) , (32,87)][(0,39) , (8,48)][(40,71) , (48,98)][(0,4) , (16,81)][(16,11) , (32,12)]
ratio=3.3684210526315788 Rectangles:[(0,24) , (32,42)][(16,75) , (24,90)][(0,89) , (32,99)][(0,48) , (32,54)][(22,17) , (24,36)][(12,5) , (16,83)][(0,42) , (32,55)][(0,42) , (64,74)][(32,55) , (64,78)]
ratio=2.8085106382978724 Rectangles:[(0,96) , (64,99)][(0,14) , (64,34)][(12,42) , (16,79)][(44,98) , (46,99)][(32,77) , (36,79)][(28,82) , (30,89)][(0,97) , (32,98)][(4,28) , (8,51)][(0,47) , (64,91)][(0,57) , (32,83)][(44,19) , (48,22)]
ratio=3.0 Rectangles:[(40,20) , (42,48)][(16,81) , (24,87)][(32,23) , (48,45)][(8,53) , (12,77)][(10,19) , (12,61)][(42,53) , (44,95)]
ratio=2.4615384615384617 Rectangles:[(0,43) , (64,64)][(2,7) , (4,50)][(0,23) , (32,64)]
ratio=2.5 Rectangles:[(28,5) , (32,77)][(20,8) , (24,9)][(28,58) , (32,62)][(42,90) , (44,91)]
ratio=3.2 Rectangles:[(30,55) , (32,83)][(24,78) , (32,82)]
ratio=2.711864406779661 Rectangles:[(32,51) , (48,55)][(2,47) , (4,93)][(32,3) , (40,65)][(0,67) , (32,96)][(0,35) , (32,83)][(0,58) , (64,78)]
ratio=2.4444444444444446 Rectangles:[(16,46) , (32,69)][(8,63) , (12,80)][(0,68) , (64,77)][(32,45) , (64,75)][(20,74) , (22,87)]
ratio=3.378640776699029 Rectangles:[(16,67) , (18,81)][(0,82) , (8,87)][(0,88) , (64,97)][(20,19) , (22,77)][(20,83) , (24,85)][(32,16) , (64,68)][(0,28) , (32,70)][(32,73) , (64,77)][(8,39) , (16,93)][(4,9) , (6,44)][(16,7) , (32,79)][(40,26) , (48,76)]
ratio=2.5396825396825395 Rectangles:[(8,33) , (16,69)][(0,58) , (64,71)][(36,92) , (40,94)][(32,33) , (64,97)][(20,82) , (22,88)][(32,96) , (40,99)][(4,80) , (6,86)]
ratio=2.3859649122807016 Rectangles:[(32,38) , (48,97)][(0,56) , (32,85)][(0,69) , (32,72)][(2,94) , (4,99)][(44,90) , (46,92)][(0,29) , (64,90)]
ratio=3.6266666666666665 Rectangles:[(0,62) , (64,63)][(20,96) , (24,98)][(32,52) , (36,98)][(12,59) , (16,84)][(24,1) , (28,93)][(22,19) , (24,69)][(0,24) , (64,81)][(12,90) , (16,91)][(0,33) , (64,56)]
ratio=3.6056338028169015 Rectangles:[(34,32) , (36,95)][(32,49) , (48,73)][(4,76) , (8,78)][(0,56) , (64,77)][(0,21) , (64,70)][(0,78) , (64,86)]
ratio=3.813953488372093 Rectangles:[(0,1) , (64,20)][(36,62) , (40,84)][(0,5) , (32,58)][(0,81) , (32,96)][(0,39) , (64,52)]
ratio=3.2 Rectangles:[(0,39) , (64,97)][(0,68) , (64,96)][(32,75) , (64,99)][(16,79) , (24,87)][(32,98) , (40,99)][(0,31) , (32,90)][(32,71) , (64,74)]
ratio=3.6049382716049383 Rectangles:[(0,26) , (16,79)][(44,67) , (46,73)][(0,98) , (64,99)][(0,20) , (64,33)][(30,52) , (32,97)][(2,16) , (4,51)][(26,96) , (28,97)][(16,7) , (32,87)][(0,22) , (32,49)][(0,20) , (8,45)][(24,92) , (32,97)][(16,64) , (32,96)]
ratio=2.0 Rectangles:[(42,36) , (44,42)][(44,28) , (46,39)]
ratio=2.44 Rectangles:[(0,76) , (16,96)][(16,41) , (24,71)][(0,95) , (16,96)][(0,2) , (16,50)][(12,48) , (16,88)][(4,33) , (8,41)][(12,51) , (14,68)][(0,7) , (32,63)][(32,97) , (40,99)][(0,69) , (64,73)][(0,55) , (64,76)]
ratio=3.7714285714285714 Rectangles:[(46,56) , (48,68)][(0,32) , (64,49)][(46,37) , (48,38)]
ratio=3.3684210526315788 Rectangles:[(16,70) , (24,94)][(0,94) , (16,97)][(0,49) , (8,59)]
ratio=2.9047619047619047 Rectangles:[(0,64) , (32,97)][(4,0) , (6,15)][(40,62) , (48,89)][(36,27) , (40,93)][(0,70) , (32,80)][(0,30) , (8,52)][(0,37) , (16,45)][(0,60) , (64,76)][(16,5) , (32,32)][(32,48) , (48,65)][(40,79) , (48,90)][(16,5) , (32,32)][(0,60) , (8,80)]
ratio=3.405940594059406 Rectangles:[(0,88) , (64,90)][(0,6) , (16,98)][(32,41) , (64,75)][(0,28) , (64,46)][(16,12) , (32,72)][(30,86) , (32,92)][(20,66) , (24,74)][(0,55) , (8,59)][(32,87) , (40,88)][(32,47) , (64,64)][(12,64) , (16,94)]
ratio=3.764705882352941 Rectangles:[(0,21) , (32,24)]
ratio=3.1219512195121952 Rectangles:[(0,74) , (64,83)][(0,24) , (64,52)][(0,75) , (64,83)][(0,40) , (8,96)]
ratio=3.076923076923077 Rectangles:[(0,31) , (32,87)][(20,63) , (22,90)][(0,61) , (64,76)][(32,81) , (48,87)]
ratio=3.111111111111111 Rectangles:[(0,83) , (8,93)][(28,5) , (30,81)][(32,13) , (48,39)][(0,12) , (2,27)]
ratio=2.8 Rectangles:[(0,4) , (16,48)][(40,69) , (48,80)][(46,34) , (48,46)][(32,29) , (48,48)][(0,54) , (64,74)][(0,53) , (32,96)][(40,13) , (48,98)][(24,97) , (26,98)]
ratio=3.1666666666666665 Rectangles:[(24,95) , (32,98)][(32,88) , (48,97)][(16,72) , (20,76)][(16,26) , (24,80)][(18,18) , (20,69)][(40,98) , (44,99)]
ratio=2.8421052631578947 Rectangles:[(44,34) , (48,41)][(32,38) , (48,50)][(0,59) , (64,91)][(0,62) , (32,87)][(0,65) , (32,66)][(32,27) , (48,41)][(0,20) , (64,43)][(0,51) , (32,53)][(12,6) , (14,21)]
ratio=2.023529411764706 Rectangles:[(32,97) , (36,99)][(0,30) , (16,94)][(20,4) , (22,90)][(0,52) , (64,84)][(28,57) , (32,58)][(0,26) , (32,84)][(16,7) , (24,29)][(16,91) , (24,98)][(38,16) , (40,56)][(0,32) , (64,79)][(32,20) , (34,88)][(12,49) , (16,57)]
ratio=3.5789473684210527 Rectangles:[(16,56) , (18,83)][(40,96) , (44,98)][(32,97) , (64,99)]
ratio=2.962962962962963 Rectangles:[(32,25) , (40,26)][(0,96) , (32,97)][(16,44) , (20,70)][(20,91) , (24,93)][(0,88) , (16,93)][(0,74) , (64,88)][(0,85) , (16,88)][(0,86) , (8,87)]
ratio=2.8 Rectangles:[(0,8) , (32,85)][(24,76) , (32,99)][(12,92) , (16,94)][(20,21) , (24,49)][(0,59) , (64,85)][(26,41) , (28,51)][(24,29) , (32,95)][(0,33) , (32,64)][(32,48) , (48,87)][(0,18) , (32,49)][(8,85) , (10,87)][(40,16) , (48,29)][(0,97) , (32,98)]
ratio=3.375 Rectangles:[(42,7) , (44,19)][(44,38) , (48,46)][(46,42) , (48,75)][(16,84) , (32,96)][(0,23) , (32,44)]
ratio=3.0638297872340425 Rectangles:[(44,26) , (48,55)][(12,86) , (16,97)][(16,92) , (24,96)][(34,97) , (36,99)][(42,7) , (44,59)][(16,74) , (32,98)][(32,2) , (48,89)][(46,94) , (48,98)][(0,4) , (32,51)][(16,68) , (18,97)][(4,10) , (8,78)][(32,32) , (34,44)]
ratio=3.764705882352941 Rectangles:[(32,92) , (64,96)]
ratio=2.6666666666666665 Rectangles:[(8,86) , (12,95)]
ratio=2.5925925925925926 Rectangles:[(36,91) , (40,96)][(48,60) , (50,73)][(0,0) , (8,47)][(32,17) , (48,76)][(24,46) , (32,57)][(0,31) , (64,64)]
ratio=3.5555555555555554 Rectangles:[(16,7) , (18,87)][(20,35) , (22,95)][(4,53) , (8,99)][(16,12) , (32,92)][(0,86) , (64,87)][(0,81) , (32,95)][(16,73) , (32,90)][(32,15) , (48,51)]
ratio=3.0476190476190474 Rectangles:[(16,36) , (32,91)][(30,78) , (32,79)][(32,67) , (48,95)][(20,69) , (24,89)]
ratio=3.764705882352941 Rectangles:[(0,4) , (32,77)]
ratio=2.9767441860465116 Rectangles:[(0,89) , (64,95)][(16,77) , (20,95)][(16,43) , (32,82)][(28,23) , (30,89)][(0,88) , (64,93)][(0,60) , (8,68)][(0,47) , (64,75)]
ratio=2.8444444444444446 Rectangles:[(40,36) , (48,92)][(24,57) , (28,94)][(20,61) , (22,70)][(44,15) , (48,17)][(48,24) , (56,52)][(0,74) , (16,77)][(0,88) , (16,93)][(28,98) , (30,99)][(14,89) , (16,97)][(36,45) , (40,98)][(44,82) , (48,97)]
ratio=3.764705882352941 Rectangles:[(0,45) , (32,53)]
ratio=3.2 Rectangles:[(16,55) , (24,96)]
ratio=3.0476190476190474 Rectangles:[(40,52) , (48,79)][(0,73) , (64,87)][(16,44) , (32,82)]
ratio=2.9565217391304346 Rectangles:[(34,73) , (36,90)][(0,15) , (16,17)][(44,56) , (46,67)][(32,77) , (48,85)][(36,50) , (38,92)][(44,38) , (48,89)]
ratio=2.6122448979591835 Rectangles:[(0,68) , (8,93)][(0,68) , (32,81)][(0,26) , (16,99)][(32,12) , (48,17)][(0,94) , (16,98)][(0,87) , (16,95)]
ratio=2.5391304347826087 Rectangles:[(0,65) , (32,93)][(0,75) , (64,76)][(46,7) , (48,60)][(0,89) , (32,99)][(16,14) , (24,15)][(0,36) , (64,87)][(0,75) , (4,93)][(44,47) , (48,51)][(32,33) , (36,59)][(40,26) , (44,76)][(38,15) , (40,95)][(12,10) , (14,21)][(0,87) , (64,99)]
ratio=2.8 Rectangles:[(0,30) , (32,36)][(20,81) , (22,89)][(32,78) , (64,98)][(32,29) , (64,92)][(4,93) , (8,99)]
ratio=2.1449275362318843 Rectangles:[(40,89) , (48,98)][(30,20) , (32,97)][(0,40) , (64,82)][(16,49) , (24,82)][(12,38) , (14,93)][(0,50) , (64,76)][(0,65) , (32,76)][(14,0) , (16,71)][(32,21) , (40,77)][(6,85) , (8,95)]
ratio=3.272727272727273 Rectangles:[(4,13) , (8,53)][(6,90) , (8,97)][(16,85) , (32,98)][(8,85) , (12,93)][(32,43) , (64,78)][(20,88) , (22,99)][(12,57) , (14,73)][(32,56) , (48,67)][(0,4) , (16,20)]
ratio=3.0091743119266057 Rectangles:[(0,1) , (64,68)][(32,50) , (64,95)][(0,10) , (16,87)][(0,34) , (64,43)][(12,6) , (16,23)][(16,6) , (20,89)][(0,82) , (32,88)][(0,58) , (64,78)][(32,26) , (64,89)][(40,62) , (48,68)][(0,49) , (16,72)][(32,15) , (64,73)][(0,83) , (16,93)]
ratio=3.6363636363636362 Rectangles:[(0,95) , (64,99)][(16,2) , (20,45)][(4,32) , (8,74)][(0,93) , (64,96)][(0,77) , (64,84)][(32,14) , (64,65)][(16,70) , (32,89)][(0,88) , (32,91)][(32,58) , (36,64)][(0,50) , (16,95)]
ratio=2.64 Rectangles:[(4,60) , (6,83)][(0,88) , (64,93)][(0,83) , (32,89)]
ratio=3.027027027027027 Rectangles:[(6,10) , (8,49)][(32,50) , (48,65)][(32,57) , (40,97)][(16,26) , (18,36)][(32,67) , (36,95)][(0,77) , (32,78)]
ratio=2.1875 Rectangles:[(0,39) , (64,95)][(42,70) , (44,92)][(4,87) , (8,89)][(0,47) , (64,72)][(32,20) , (40,53)][(0,42) , (64,85)]
ratio=2.909090909090909 Rectangles:[(44,89) , (48,97)][(8,73) , (16,93)][(40,34) , (44,96)]
ratio=2.8 Rectangles:[(46,92) , (48,99)][(0,98) , (4,99)][(8,73) , (16,90)]
ratio=2.933333333333333 Rectangles:[(16,6) , (20,91)][(0,46) , (64,66)][(40,6) , (44,36)][(28,53) , (32,87)][(32,45) , (48,51)][(16,39) , (32,83)][(0,42) , (64,82)][(16,8) , (24,60)][(16,34) , (32,87)][(0,15) , (64,36)][(16,48) , (20,72)][(0,68) , (32,72)][(16,57) , (32,62)]
ratio=3.4098360655737703 Rectangles:[(32,7) , (36,81)][(8,73) , (16,86)][(48,14) , (64,59)][(0,47) , (16,62)][(32,26) , (64,44)][(16,8) , (32,65)][(26,40) , (28,73)][(44,7) , (48,10)][(44,9) , (48,93)][(32,4) , (64,7)][(44,27) , (46,60)]
ratio=2.5660377358490565 Rectangles:[(20,94) , (24,95)][(32,16) , (64,77)][(40,59) , (48,68)][(0,64) , (64,69)]
ratio=3.878787878787879 Rectangles:[(0,70) , (64,81)]
ratio=3.4133333333333336 Rectangles:[(32,43) , (64,94)][(0,98) , (32,99)][(16,65) , (32,66)][(24,66) , (28,88)][(32,2) , (64,19)][(8,88) , (12,93)][(16,3) , (24,50)][(38,75) , (40,91)][(12,59) , (16,66)]
ratio=2.6666666666666665 Rectangles:[(28,1) , (32,43)]
ratio=3.022222222222222 Rectangles:[(40,80) , (44,83)][(0,44) , (64,66)][(0,2) , (16,65)]
ratio=2.8636363636363638 Rectangles:[(0,61) , (64,98)][(0,65) , (2,82)][(24,25) , (32,68)][(8,84) , (12,92)][(32,34) , (64,94)][(0,78) , (16,95)][(26,87) , (28,88)][(32,82) , (64,86)][(0,33) , (16,69)][(8,94) , (12,96)][(32,95) , (64,97)]
ratio=2.647887323943662 Rectangles:[(6,89) , (8,93)][(32,64) , (40,97)][(0,26) , (8,52)][(12,47) , (14,64)][(0,93) , (64,95)][(0,95) , (64,97)][(12,35) , (16,93)][(40,43) , (48,76)][(40,85) , (48,91)]
ratio=2.5714285714285716 Rectangles:[(0,27) , (64,64)][(0,44) , (64,75)][(24,29) , (26,62)][(0,44) , (16,68)][(32,34) , (48,99)][(44,39) , (48,52)][(24,14) , (32,20)][(0,26) , (2,63)]
ratio=3.3636363636363638 Rectangles:[(32,49) , (64,76)][(40,68) , (48,79)][(0,15) , (8,29)][(8,56) , (10,57)][(16,79) , (32,89)][(32,55) , (40,74)][(16,37) , (32,62)]
ratio=2.4 Rectangles:[(4,82) , (8,97)][(0,52) , (2,84)]
ratio=2.567901234567901 Rectangles:[(0,64) , (32,67)][(16,28) , (24,69)][(24,50) , (32,66)][(26,18) , (28,67)][(24,12) , (26,15)][(36,7) , (40,21)][(24,33) , (28,53)][(0,28) , (32,59)][(0,6) , (32,21)][(0,55) , (32,59)][(0,53) , (16,69)][(0,11) , (32,30)][(4,14) , (8,53)]
ratio=2.5384615384615383 Rectangles:[(0,68) , (4,69)][(8,19) , (16,26)][(0,59) , (16,68)][(2,39) , (4,41)][(0,18) , (8,41)][(32,51) , (48,61)][(16,37) , (32,53)][(0,5) , (4,37)][(16,53) , (32,55)]
ratio=2.7586206896551726 Rectangles:[(22,31) , (24,33)][(0,49) , (8,65)][(0,23) , (8,31)][(0,55) , (4,59)][(36,44) , (38,49)][(0,43) , (4,47)][(16,54) , (24,63)][(16,39) , (32,56)][(18,11) , (20,33)][(0,2) , (32,18)][(24,31) , (32,53)][(0,49) , (8,68)][(16,38) , (24,46)]
ratio=3.1219512195121952 Rectangles:[(4,18) , (8,61)][(0,20) , (8,66)][(0,45) , (32,52)][(24,44) , (32,68)][(32,2) , (64,66)]
ratio=3.027027027027027 Rectangles:[(16,30) , (24,54)][(32,65) , (40,68)][(24,52) , (28,57)][(16,42) , (32,57)][(32,36) , (34,66)][(16,60) , (24,64)][(0,35) , (16,57)][(0,50) , (8,57)][(12,43) , (14,44)][(28,25) , (30,31)][(16,25) , (20,41)]
ratio=3.4545454545454546 Rectangles:[(16,39) , (24,48)][(0,9) , (32,62)][(32,21) , (36,64)][(0,61) , (4,63)][(32,55) , (64,63)][(36,56) , (38,61)][(34,46) , (36,59)][(8,47) , (16,57)][(32,64) , (40,66)][(28,47) , (32,64)]
ratio=2.765432098765432 Rectangles:[(32,27) , (64,69)][(0,53) , (16,68)][(8,38) , (12,48)][(0,28) , (8,51)][(0,10) , (16,27)][(0,35) , (16,46)][(0,5) , (16,40)][(28,59) , (30,69)][(0,44) , (4,58)][(0,64) , (32,67)][(0,45) , (32,47)][(16,13) , (24,66)]
ratio=2.7333333333333334 Rectangles:[(32,63) , (64,68)][(0,30) , (32,50)][(0,44) , (32,67)][(32,57) , (48,59)][(10,62) , (12,69)]
ratio=1.9047619047619047 Rectangles:[(0,33) , (16,56)][(32,42) , (36,45)][(8,11) , (12,50)][(0,39) , (16,68)]
ratio=2.0 Rectangles:[(32,58) , (34,65)][(4,19) , (6,44)]
ratio=2.838709677419355 Rectangles:[(0,62) , (4,69)][(0,57) , (32,65)][(16,39) , (32,59)][(0,32) , (8,48)]
ratio=2.6666666666666665 Rectangles:[(32,45) , (36,69)]
ratio=3.4594594594594597 Rectangles:[(4,43) , (8,44)][(0,55) , (32,67)][(0,32) , (32,51)][(16,35) , (20,57)]
ratio=3.739130434782609 Rectangles:[(12,64) , (14,67)][(0,24) , (4,46)][(32,22) , (40,49)][(10,33) , (12,38)][(16,53) , (20,56)][(36,67) , (38,69)][(32,0) , (48,42)][(0,39) , (32,62)][(16,49) , (32,61)][(0,13) , (32,32)][(34,28) , (36,69)]
ratio=3.2 Rectangles:[(20,42) , (24,62)][(24,9) , (32,41)][(0,53) , (32,54)]
ratio=3.3333333333333335 Rectangles:[(36,61) , (40,67)][(32,38) , (64,68)][(4,16) , (6,40)][(0,17) , (16,24)][(16,63) , (24,69)][(36,20) , (40,51)]
ratio=2.883720930232558 Rectangles:[(0,15) , (8,69)][(0,59) , (32,65)][(16,32) , (20,64)][(0,60) , (16,69)][(4,9) , (8,43)][(18,4) , (20,21)][(8,47) , (16,65)][(12,46) , (16,48)][(28,44) , (32,45)][(32,3) , (48,42)]
ratio=2.2439024390243905 Rectangles:[(8,15) , (16,65)][(16,61) , (24,66)][(16,26) , (20,43)][(8,40) , (12,66)][(0,36) , (32,48)][(0,46) , (32,57)][(32,3) , (34,26)]
ratio=3.5714285714285716 Rectangles:[(0,53) , (2,58)][(12,38) , (14,53)][(0,19) , (16,46)][(0,59) , (32,67)][(8,34) , (16,59)]
ratio=3.3684210526315788 Rectangles:[(8,42) , (12,57)][(0,55) , (32,60)]
ratio=3.74468085106383 Rectangles:[(32,52) , (48,66)][(34,61) , (36,62)][(0,25) , (32,29)][(4,4) , (8,46)][(8,8) , (16,14)][(0,37) , (32,58)]
ratio=2.608695652173913 Rectangles:[(0,43) , (16,52)][(32,36) , (36,66)][(0,45) , (8,54)][(8,33) , (16,53)][(0,5) , (32,42)][(36,29) , (40,52)][(32,62) , (40,64)]
ratio=3.3846153846153846 Rectangles:[(0,43) , (32,46)][(32,42) , (34,49)][(0,32) , (32,37)][(0,0) , (8,61)][(0,7) , (4,40)]
ratio=3.087719298245614 Rectangles:[(0,1) , (8,9)][(0,67) , (16,68)][(0,47) , (32,67)][(32,53) , (64,58)][(16,21) , (32,63)][(0,54) , (32,56)]
ratio=2.926829268292683 Rectangles:[(16,35) , (20,67)][(28,62) , (32,67)][(0,22) , (32,54)][(16,68) , (32,69)][(28,16) , (32,30)][(0,34) , (4,50)][(16,16) , (32,35)][(0,8) , (16,43)][(32,17) , (36,30)]
ratio=2.051282051282051 Rectangles:[(8,57) , (12,62)][(24,40) , (28,64)][(16,17) , (32,27)][(0,21) , (32,55)][(0,19) , (32,41)][(22,23) , (24,45)]
ratio=3.3777777777777778 Rectangles:[(0,58) , (16,66)][(32,3) , (64,22)][(16,40) , (32,47)][(32,23) , (36,32)][(8,0) , (16,27)][(8,43) , (12,59)][(8,23) , (12,29)]
ratio=3.5789473684210527 Rectangles:[(34,62) , (36,65)][(32,67) , (64,69)]
ratio=3.764705882352941 Rectangles:[(16,47) , (32,58)][(0,28) , (16,50)]
ratio=3.3333333333333335 Rectangles:[(16,33) , (32,42)][(32,63) , (40,68)][(24,27) , (32,28)][(32,43) , (34,52)][(16,43) , (24,68)][(32,1) , (36,58)][(20,61) , (24,62)][(16,22) , (24,27)][(30,38) , (32,46)][(0,31) , (8,48)]
ratio=3.4754098360655736 Rectangles:[(0,53) , (16,57)][(0,28) , (4,57)][(32,43) , (40,55)][(20,6) , (22,65)][(32,1) , (64,2)][(0,25) , (32,30)][(0,55) , (32,62)][(22,32) , (24,50)]
ratio=2.235294117647059 Rectangles:[(20,17) , (22,38)][(0,52) , (32,63)][(0,52) , (8,53)][(12,13) , (16,34)][(16,45) , (32,69)]
ratio=3.5384615384615383 Rectangles:[(16,66) , (24,67)][(32,61) , (48,68)][(36,31) , (40,45)][(8,9) , (12,65)][(20,10) , (24,32)][(16,22) , (32,49)][(8,17) , (16,55)][(0,50) , (16,58)][(0,0) , (32,14)]
ratio=2.736842105263158 Rectangles:[(24,39) , (28,67)][(32,50) , (48,64)][(20,28) , (22,34)][(10,47) , (12,48)][(32,56) , (40,62)][(22,65) , (24,67)]
ratio=2.4 Rectangles:[(0,18) , (32,55)][(36,23) , (40,55)][(16,51) , (32,58)][(0,15) , (32,65)]
ratio=3.076923076923077 Rectangles:[(0,65) , (2,67)][(12,55) , (16,64)][(32,28) , (36,57)][(0,68) , (32,69)][(0,7) , (8,9)][(38,6) , (40,31)][(16,17) , (32,61)][(16,48) , (24,64)][(28,1) , (32,60)][(0,61) , (16,66)]
ratio=3.4285714285714284 Rectangles:[(0,59) , (8,61)][(32,65) , (36,68)][(20,11) , (24,18)][(0,21) , (32,57)]
ratio=2.814814814814815 Rectangles:[(12,57) , (14,68)][(8,28) , (16,53)][(20,55) , (24,59)][(0,24) , (32,37)][(12,17) , (16,53)]
ratio=2.4285714285714284 Rectangles:[(0,20) , (32,33)][(20,23) , (24,59)][(32,43) , (36,69)][(0,0) , (32,67)][(16,6) , (24,20)][(16,52) , (32,59)][(16,13) , (32,46)][(0,35) , (32,52)][(32,35) , (34,50)][(16,15) , (24,41)][(12,40) , (14,67)][(16,26) , (32,55)]
ratio=3.1232876712328768 Rectangles:[(32,66) , (40,68)][(0,63) , (16,66)][(8,28) , (16,61)][(26,62) , (28,65)][(0,48) , (32,62)][(16,40) , (32,57)][(30,54) , (32,59)][(32,20) , (48,57)][(16,61) , (24,62)][(16,22) , (32,56)][(0,21) , (32,29)]
ratio=3.3684210526315788 Rectangles:[(24,53) , (32,63)][(34,27) , (36,43)][(16,54) , (32,60)][(8,6) , (16,50)][(32,38) , (48,57)][(18,50) , (20,54)][(8,28) , (10,51)][(16,10) , (32,48)][(32,33) , (40,40)][(0,23) , (8,51)][(16,45) , (18,69)]
ratio=2.981818181818182 Rectangles:[(0,65) , (16,66)][(12,55) , (16,66)][(28,25) , (32,65)][(16,11) , (24,63)][(26,45) , (28,46)][(36,32) , (40,67)][(32,15) , (64,57)][(8,43) , (16,62)][(24,65) , (26,67)][(0,46) , (32,68)][(30,46) , (32,69)][(0,11) , (4,51)]
ratio=3.259259259259259 Rectangles:[(0,54) , (32,58)][(24,28) , (32,42)][(36,49) , (40,57)][(12,22) , (14,69)]
ratio=3.2 Rectangles:[(32,26) , (48,54)][(32,22) , (34,35)][(4,12) , (8,14)][(20,59) , (24,60)]
ratio=3.420289855072464 Rectangles:[(28,5) , (30,56)][(0,13) , (32,45)][(0,62) , (16,68)][(0,1) , (16,12)][(8,34) , (12,35)][(32,50) , (34,61)][(32,28) , (40,44)][(16,46) , (32,47)][(32,20) , (36,30)][(20,43) , (22,69)][(32,44) , (64,49)]
ratio=3.0 Rectangles:[(24,28) , (32,57)][(8,16) , (12,54)]
ratio=3.272727272727273 Rectangles:[(16,48) , (32,64)][(36,9) , (38,29)]
ratio=2.857142857142857 Rectangles:[(8,14) , (12,61)][(16,23) , (24,59)][(0,31) , (32,66)][(32,6) , (48,8)][(30,55) , (32,66)][(4,20) , (8,68)][(0,59) , (16,69)][(6,15) , (8,16)]
ratio=2.411764705882353 Rectangles:[(0,8) , (2,13)][(28,20) , (32,38)][(0,10) , (16,30)][(0,16) , (2,24)][(0,47) , (32,68)][(32,44) , (48,45)][(24,12) , (32,67)][(36,20) , (40,45)][(24,15) , (32,44)][(16,1) , (32,21)][(16,60) , (32,63)][(0,37) , (16,62)]
ratio=4.235294117647059 Rectangles:[(24,46) , (32,67)][(32,9) , (64,13)][(0,22) , (16,32)][(16,3) , (32,36)]
ratio=3.1372549019607843 Rectangles:[(28,16) , (32,52)][(32,45) , (48,54)][(32,0) , (36,35)][(32,62) , (36,69)][(16,54) , (24,62)][(32,49) , (48,66)][(2,35) , (4,53)][(32,32) , (64,54)][(26,46) , (28,53)][(16,47) , (32,58)][(0,13) , (32,60)]
ratio=2.0273972602739727 Rectangles:[(10,38) , (12,56)][(0,57) , (32,65)][(24,64) , (32,67)][(32,37) , (36,54)][(16,47) , (20,53)][(26,16) , (28,59)][(0,8) , (16,18)][(0,59) , (16,69)][(16,0) , (32,34)][(34,43) , (36,69)][(0,32) , (32,66)][(0,18) , (16,27)][(0,63) , (32,64)]
ratio=3.6363636363636362 Rectangles:[(16,66) , (24,68)][(0,29) , (32,62)]
ratio=3.2 Rectangles:[(24,27) , (32,69)]
ratio=3.0 Rectangles:[(8,3) , (12,40)][(24,10) , (32,49)]
ratio=3.2 Rectangles:[(0,56) , (8,62)]
ratio=2.888888888888889 Rectangles:[(16,41) , (24,43)][(0,27) , (8,54)][(16,34) , (32,42)][(28,39) , (32,44)][(16,21) , (32,32)][(28,23) , (30,53)][(8,61) , (12,62)][(8,49) , (12,69)][(0,27) , (16,62)]
ratio=2.742857142857143 Rectangles:[(36,19) , (38,68)][(16,25) , (32,59)][(24,42) , (28,62)][(0,14) , (16,57)][(0,65) , (4,68)][(34,63) , (36,65)][(24,39) , (28,69)][(16,52) , (32,58)][(24,34) , (32,37)]
ratio=3.3529411764705883 Rectangles:[(0,66) , (32,68)][(0,21) , (2,32)][(24,48) , (28,49)][(32,19) , (64,52)][(20,30) , (24,64)][(0,8) , (32,14)][(28,37) , (30,43)][(4,38) , (8,45)][(36,9) , (40,54)][(8,1) , (10,46)][(18,47) , (20,54)][(32,16) , (40,52)][(24,34) , (28,60)]
ratio=3.6 Rectangles:[(28,21) , (32,38)][(0,51) , (32,59)]
ratio=3.125 Rectangles:[(0,59) , (32,60)][(24,55) , (32,62)][(34,50) , (36,61)][(32,47) , (48,53)][(10,6) , (12,19)]
ratio=3.2 Rectangles:[(0,28) , (16,45)][(28,23) , (32,55)][(8,9) , (16,13)][(4,63) , (8,68)]
ratio=2.697674418604651 Rectangles:[(0,24) , (32,57)][(16,65) , (32,67)][(0,9) , (32,29)][(0,11) , (32,18)][(32,43) , (64,59)][(12,44) , (16,62)][(32,48) , (34,57)][(0,44) , (2,47)][(4,20) , (8,33)][(32,22) , (64,51)][(22,67) , (24,68)][(0,13) , (32,32)]
ratio=3.4285714285714284 Rectangles:[(32,52) , (48,63)][(0,40) , (16,43)][(32,61) , (36,65)][(20,43) , (24,58)]
ratio=3.1384615384615384 Rectangles:[(0,8) , (32,50)][(0,5) , (32,15)][(0,13) , (4,30)][(8,64) , (10,69)][(36,51) , (40,57)][(32,45) , (64,50)][(0,22) , (16,56)][(16,38) , (32,69)]
ratio=3.2 Rectangles:[(16,41) , (32,62)][(20,35) , (24,50)][(24,53) , (32,67)][(4,10) , (8,56)]
ratio=2.727272727272727 Rectangles:[(16,68) , (32,69)][(32,32) , (36,56)][(0,15) , (32,60)][(0,67) , (8,68)][(30,39) , (32,48)][(0,22) , (8,65)][(0,37) , (4,53)]
ratio=2.2857142857142856 Rectangles:[(12,60) , (16,69)][(26,33) , (28,62)][(18,21) , (20,33)]
ratio=2.75 Rectangles:[(36,31) , (40,51)][(16,0) , (32,68)][(12,24) , (14,28)][(28,4) , (30,28)]
ratio=3.5454545454545454 Rectangles:[(32,38) , (40,61)][(0,42) , (16,49)][(0,50) , (32,63)][(16,27) , (18,48)][(14,47) , (16,55)][(16,68) , (24,69)][(0,8) , (8,51)][(12,5) , (16,25)][(20,19) , (24,49)][(20,66) , (24,67)]
ratio=2.72 Rectangles:[(8,21) , (12,40)][(8,7) , (16,60)][(0,52) , (32,67)][(32,66) , (48,67)][(16,0) , (32,46)][(0,58) , (32,60)]
ratio=2.8 Rectangles:[(0,49) , (16,53)][(0,39) , (32,44)][(0,55) , (8,66)][(16,43) , (32,49)]
ratio=2.533333333333333 Rectangles:[(22,33) , (24,46)][(0,14) , (32,68)][(8,0) , (16,65)][(16,21) , (18,63)][(36,52) , (38,57)][(8,55) , (10,62)][(4,63) , (6,69)][(8,44) , (16,64)]
ratio=2.6666666666666665 Rectangles:[(12,33) , (16,55)]
ratio=2.5671641791044775 Rectangles:[(8,52) , (16,66)][(0,43) , (8,56)][(24,8) , (32,13)][(0,13) , (16,34)][(0,26) , (8,54)][(32,44) , (64,48)][(32,39) , (48,63)][(0,12) , (32,26)][(22,50) , (24,54)][(8,56) , (12,58)][(32,16) , (36,23)][(0,11) , (32,56)]
ratio=3.2 Rectangles:[(0,48) , (32,59)][(32,44) , (48,50)][(0,20) , (32,60)][(26,49) , (28,56)]
ratio=2.6666666666666665 Rectangles:[(12,40) , (16,47)]
ratio=2.0 Rectangles:[(20,66) , (24,68)][(16,1) , (20,38)][(2,67) , (4,68)][(4,42) , (8,48)][(0,27) , (32,43)][(26,19) , (28,21)][(0,42) , (32,69)][(8,20) , (12,52)]
ratio=2.6666666666666665 Rectangles:[(0,27) , (4,40)][(0,66) , (32,69)][(0,2) , (32,45)][(32,18) , (40,45)][(32,41) , (40,51)][(32,21) , (40,64)][(16,57) , (32,68)][(24,26) , (28,34)]
ratio=3.255813953488372 Rectangles:[(0,56) , (4,67)][(32,57) , (64,63)][(28,55) , (32,69)][(0,8) , (32,38)][(28,65) , (32,69)][(0,1) , (16,22)][(0,65) , (32,69)][(32,31) , (40,42)][(0,51) , (32,58)][(0,23) , (8,68)][(24,48) , (32,59)][(28,24) , (32,45)]
ratio=2.978723404255319 Rectangles:[(30,9) , (32,65)][(32,33) , (64,54)][(4,24) , (8,65)][(22,21) , (24,37)][(0,25) , (16,42)][(32,50) , (40,60)][(32,18) , (64,37)][(32,45) , (36,60)][(24,22) , (32,32)][(16,39) , (20,63)]
ratio=3.1272727272727274 Rectangles:[(4,20) , (8,30)][(0,62) , (8,69)][(16,1) , (32,28)][(0,42) , (32,57)][(0,68) , (32,69)][(10,9) , (12,57)][(30,27) , (32,34)][(24,37) , (28,68)][(24,60) , (26,65)]
ratio=3.515151515151515 Rectangles:[(16,59) , (32,64)][(8,61) , (10,68)][(32,36) , (64,66)][(0,0) , (8,68)]
ratio=2.526315789473684 Rectangles:[(8,40) , (16,58)][(0,3) , (32,45)][(16,44) , (32,59)][(16,35) , (32,53)][(8,47) , (16,53)][(2,65) , (4,66)][(16,28) , (20,61)][(28,56) , (32,60)][(16,26) , (32,62)][(34,36) , (36,48)][(4,28) , (8,68)]
ratio=3.3636363636363638 Rectangles:[(0,54) , (32,61)][(30,58) , (32,67)][(16,29) , (32,33)][(32,25) , (48,68)][(0,25) , (2,39)][(0,62) , (8,65)][(18,58) , (20,63)][(32,30) , (48,35)]
ratio=3.5555555555555554 Rectangles:[(0,4) , (16,27)]
ratio=3.466666666666667 Rectangles:[(32,36) , (34,51)][(26,17) , (28,62)][(32,59) , (48,69)][(0,5) , (32,15)]
ratio=3.8095238095238093 Rectangles:[(24,50) , (28,53)][(32,32) , (40,34)][(0,19) , (16,45)][(16,4) , (32,64)]
ratio=3.6923076923076925 Rectangles:[(0,21) , (16,29)][(0,16) , (32,18)]
ratio=2.3157894736842106 Rectangles:[(0,11) , (32,62)][(32,32) , (64,59)][(4,59) , (6,61)][(0,33) , (32,65)][(0,38) , (8,56)][(28,54) , (32,57)][(32,14) , (48,45)][(16,41) , (18,62)][(16,56) , (24,61)][(32,42) , (36,65)][(0,42) , (32,69)][(0,36) , (32,62)]
ratio=3.238095238095238 Rectangles:[(24,21) , (26,32)][(24,1) , (32,10)][(16,36) , (24,53)][(0,62) , (16,64)]
ratio=3.4285714285714284 Rectangles:[(8,25) , (16,26)][(8,15) , (16,41)][(32,22) , (48,60)][(20,20) , (24,66)][(0,43) , (16,67)][(8,1) , (16,19)][(0,3) , (32,29)]
ratio=3.5555555555555554 Rectangles:[(16,11) , (32,34)]
ratio=2.4727272727272727 Rectangles:[(20,62) , (24,63)][(8,57) , (12,62)][(0,42) , (16,54)][(16,46) , (32,58)][(26,34) , (28,57)][(0,18) , (8,37)][(0,22) , (32,66)][(12,13) , (16,16)][(0,42) , (32,45)][(20,50) , (24,61)]
ratio=3.393939393939394 Rectangles:[(8,63) , (16,64)][(8,27) , (12,48)][(32,0) , (64,55)][(24,45) , (32,49)][(4,22) , (8,52)][(28,45) , (32,49)]
ratio=2.8333333333333335 Rectangles:[(36,64) , (40,69)][(32,18) , (64,66)][(16,21) , (32,22)][(10,65) , (12,67)][(16,52) , (32,62)][(0,12) , (16,41)][(0,25) , (32,58)][(16,21) , (32,29)][(8,10) , (12,33)][(24,6) , (26,47)][(32,24) , (64,47)]
ratio=3.1666666666666665 Rectangles:[(2,67) , (4,68)][(32,40) , (64,67)][(4,7) , (6,55)][(32,34) , (34,52)][(6,58) , (8,63)]
ratio=3.1515151515151514 Rectangles:[(20,63) , (24,66)][(32,16) , (48,45)][(30,3) , (32,10)][(32,49) , (40,69)][(0,2) , (32,47)][(30,12) , (32,61)][(20,62) , (22,65)][(0,33) , (32,35)][(0,6) , (32,24)][(0,47) , (8,66)][(0,32) , (32,47)][(16,26) , (32,52)][(12,55) , (16,63)]
ratio=3.36 Rectangles:[(0,29) , (16,34)][(16,38) , (20,65)][(0,40) , (32,62)][(0,62) , (16,68)][(16,47) , (32,60)][(4,46) , (8,69)][(0,29) , (32,30)][(28,11) , (32,12)][(0,16) , (32,44)]
ratio=3.310344827586207 Rectangles:[(6,17) , (8,30)][(0,47) , (8,63)][(16,59) , (20,69)][(32,5) , (64,19)][(32,63) , (34,68)]
ratio=2.6440677966101696 Rectangles:[(0,18) , (16,19)][(24,66) , (26,68)][(16,26) , (32,63)][(32,41) , (36,51)][(24,42) , (28,46)][(16,49) , (32,50)][(0,61) , (32,69)][(0,19) , (8,58)][(14,39) , (16,61)][(0,66) , (16,68)][(0,64) , (32,69)][(0,1) , (4,9)]
ratio=2.769230769230769 Rectangles:[(16,50) , (20,66)][(32,27) , (40,54)][(16,28) , (18,36)][(28,13) , (30,25)][(0,45) , (8,60)][(16,59) , (32,68)]
ratio=3.272727272727273 Rectangles:[(24,10) , (26,50)][(32,24) , (48,66)][(32,52) , (40,65)][(24,10) , (32,32)][(24,28) , (32,54)][(10,41) , (12,64)][(0,26) , (16,68)][(0,4) , (32,6)][(28,23) , (30,39)]
ratio=3.5555555555555554 Rectangles:[(0,7) , (16,51)][(6,26) , (8,40)][(16,6) , (32,31)][(2,23) , (4,64)]
ratio=2.4827586206896552 Rectangles:[(0,37) , (32,57)][(0,5) , (32,48)][(0,45) , (8,66)][(12,9) , (14,29)][(0,24) , (16,44)][(22,46) , (24,53)][(0,40) , (32,69)][(0,8) , (32,33)][(20,41) , (24,47)][(8,63) , (16,67)][(16,26) , (32,52)][(0,2) , (16,64)]
ratio=3.6923076923076925 Rectangles:[(16,11) , (24,60)][(32,55) , (48,68)][(32,39) , (34,55)][(22,9) , (24,59)][(32,12) , (64,55)][(8,14) , (16,37)]
ratio=3.2982456140350878 Rectangles:[(32,57) , (48,69)][(20,10) , (22,40)][(32,5) , (64,54)][(0,52) , (16,61)][(20,23) , (24,34)][(6,37) , (8,48)][(32,37) , (64,66)][(24,1) , (32,31)][(32,25) , (48,29)][(6,44) , (8,47)][(10,34) , (12,55)]
ratio=3.466666666666667 Rectangles:[(0,18) , (16,66)][(0,15) , (16,28)][(28,53) , (32,66)][(0,63) , (4,65)][(16,20) , (32,53)][(32,28) , (40,63)][(24,65) , (32,67)]
ratio=2.3492063492063493 Rectangles:[(0,54) , (32,67)][(16,51) , (24,62)][(16,40) , (20,50)][(34,3) , (36,47)][(0,25) , (32,64)][(0,16) , (16,53)][(0,0) , (8,26)][(8,31) , (16,46)][(16,61) , (32,64)][(32,49) , (36,65)][(8,11) , (16,14)]
ratio=3.1219512195121952 Rectangles:[(20,22) , (22,55)][(28,68) , (32,69)][(24,31) , (32,41)][(32,26) , (34,62)][(34,54) , (36,58)][(8,59) , (16,66)][(4,53) , (8,59)][(16,67) , (18,68)][(0,13) , (32,31)][(16,64) , (32,68)]
ratio=3.5555555555555554 Rectangles:[(16,19) , (32,43)][(28,5) , (32,25)][(32,21) , (40,54)][(32,46) , (64,69)][(0,60) , (32,68)]
ratio=3.5555555555555554 Rectangles:[(8,41) , (16,61)][(36,3) , (40,56)][(16,63) , (32,65)][(32,53) , (40,68)][(16,0) , (32,48)][(32,32) , (64,40)]
ratio=3.6266666666666665 Rectangles:[(24,14) , (32,20)][(0,64) , (32,68)][(32,21) , (48,46)][(0,39) , (8,54)][(0,4) , (8,33)][(0,55) , (32,58)][(14,51) , (16,65)][(32,55) , (64,56)][(12,25) , (16,65)]
ratio=3.272727272727273 Rectangles:[(0,61) , (4,64)][(0,20) , (32,61)][(16,1) , (18,61)][(28,7) , (30,68)][(8,44) , (16,51)][(32,55) , (64,56)][(10,29) , (12,69)][(4,6) , (8,29)]
ratio=2.0 Rectangles:[(24,3) , (26,22)]
ratio=3.4909090909090907 Rectangles:[(0,22) , (32,29)][(0,22) , (16,47)][(32,32) , (64,39)][(8,17) , (16,68)][(0,54) , (32,69)][(16,64) , (32,68)]
ratio=2.6666666666666665 Rectangles:[(32,22) , (36,58)]
ratio=3.6363636363636362 Rectangles:[(32,23) , (64,34)][(0,9) , (8,18)]
ratio=3.145631067961165 Rectangles:[(32,47) , (64,54)][(0,28) , (32,30)][(8,68) , (16,69)][(24,41) , (26,67)][(4,22) , (8,51)][(0,65) , (16,69)][(0,13) , (32,20)][(0,46) , (32,54)][(0,46) , (32,48)][(16,63) , (32,66)][(10,37) , (12,60)][(10,58) , (12,66)][(28,30) , (32,69)]
ratio=2.72 Rectangles:[(8,2) , (16,35)][(8,38) , (16,68)][(18,55) , (20,58)][(22,54) , (24,69)][(0,22) , (32,56)][(0,64) , (32,68)][(16,8) , (32,60)][(0,25) , (32,42)][(8,38) , (10,63)][(12,13) , (16,67)]
ratio=2.7142857142857144 Rectangles:[(0,67) , (8,69)][(0,1) , (16,24)][(0,40) , (16,56)][(14,11) , (16,69)][(12,16) , (14,42)][(16,20) , (24,47)][(0,50) , (32,61)][(0,18) , (16,51)][(28,34) , (32,36)][(0,61) , (16,68)][(8,58) , (12,68)][(0,26) , (4,60)]
ratio=3.4074074074074074 Rectangles:[(0,47) , (32,48)][(26,15) , (28,28)][(32,13) , (40,42)][(16,3) , (20,33)]
ratio=2.2857142857142856 Rectangles:[(16,23) , (24,52)][(22,44) , (24,53)]
ratio=3.04 Rectangles:[(32,12) , (64,26)][(36,31) , (40,63)][(32,38) , (40,50)][(12,19) , (16,59)][(6,67) , (8,69)][(8,41) , (12,55)][(16,22) , (24,69)][(16,39) , (32,53)][(32,50) , (40,59)][(0,32) , (16,57)][(22,56) , (24,58)]
ratio=2.933333333333333 Rectangles:[(32,57) , (36,61)][(0,46) , (32,53)][(0,31) , (32,68)][(0,44) , (32,53)][(14,13) , (16,56)][(16,32) , (18,57)][(34,1) , (36,11)][(0,14) , (16,59)][(0,31) , (32,40)][(6,45) , (8,48)][(4,65) , (6,66)][(32,22) , (48,31)][(36,21) , (40,68)]
ratio=3.4482758620689653 Rectangles:[(28,14) , (30,26)][(8,43) , (16,56)][(0,63) , (32,68)][(30,30) , (32,66)][(0,49) , (8,60)]
ratio=2.347826086956522 Rectangles:[(28,5) , (32,22)][(0,3) , (16,65)][(16,50) , (18,67)][(24,5) , (32,66)][(16,68) , (24,69)][(0,29) , (8,63)][(16,33) , (24,34)][(16,25) , (32,45)][(0,39) , (16,61)][(8,39) , (12,65)][(8,7) , (16,55)][(0,19) , (32,67)]
ratio=2.1176470588235294 Rectangles:[(0,32) , (32,46)][(0,20) , (4,23)][(8,29) , (12,50)][(0,36) , (32,40)]
ratio=3.2 Rectangles:[(8,28) , (16,68)]
ratio=3.3846153846153846 Rectangles:[(0,59) , (32,66)][(34,27) , (36,34)][(32,66) , (48,69)][(34,68) , (36,69)][(32,35) , (48,43)][(16,7) , (24,20)][(24,4) , (28,5)][(24,36) , (28,65)][(0,48) , (32,57)][(24,35) , (26,65)][(0,48) , (4,53)]
ratio=2.6486486486486487 Rectangles:[(0,21) , (32,24)][(24,44) , (32,53)][(36,8) , (40,60)][(18,31) , (20,47)][(0,28) , (32,67)][(0,66) , (32,68)][(0,52) , (32,69)][(16,32) , (32,49)][(32,32) , (34,37)][(32,19) , (48,58)][(10,30) , (12,49)]
ratio=3.235294117647059 Rectangles:[(16,11) , (24,57)][(14,10) , (16,11)][(16,58) , (24,62)][(20,60) , (24,67)][(28,46) , (32,51)][(0,20) , (32,42)][(0,66) , (16,68)][(0,37) , (4,56)][(16,20) , (32,23)][(32,12) , (64,58)][(0,28) , (16,58)][(0,11) , (2,43)][(32,46) , (34,47)]
ratio=3.2 Rectangles:[(8,5) , (16,48)]
ratio=2.6666666666666665 Rectangles:[(16,41) , (18,55)][(0,4) , (32,57)][(0,7) , (32,65)]
ratio=3.1578947368421053 Rectangles:[(0,26) , (16,45)][(16,62) , (24,63)][(2,50) , (4,69)][(32,8) , (36,52)][(34,34) , (36,68)]
ratio=3.259259259259259 Rectangles:[(0,62) , (32,63)][(4,59) , (6,68)][(2,17) , (4,30)][(16,64) , (20,69)][(0,20) , (8,42)]
ratio=2.8333333333333335 Rectangles:[(8,45) , (12,55)][(0,19) , (16,32)][(8,9) , (12,55)][(6,8) , (8,44)][(32,4) , (40,28)][(28,58) , (32,60)][(4,60) , (6,64)]
ratio=3.3658536585365852 Rectangles:[(32,10) , (48,45)][(0,26) , (32,31)][(12,37) , (14,48)][(0,62) , (32,68)][(32,56) , (40,68)][(0,9) , (32,14)][(20,7) , (24,31)][(24,48) , (32,66)][(16,33) , (32,57)][(16,20) , (24,60)][(20,22) , (24,63)][(0,26) , (32,47)][(16,31) , (32,53)]
ratio=3.2 Rectangles:[(8,54) , (10,65)][(8,12) , (16,36)][(0,36) , (16,62)][(8,4) , (16,54)][(0,37) , (8,68)]
ratio=3.764705882352941 Rectangles:[(0,42) , (32,57)]
ratio=2.5098039215686274 Rectangles:[(0,37) , (32,54)][(0,2) , (32,25)][(0,43) , (32,57)]
ratio=2.4 Rectangles:[(24,58) , (32,64)][(0,68) , (4,69)][(24,56) , (26,69)]
ratio=3.6 Rectangles:[(24,37) , (32,68)][(26,50) , (28,66)][(8,0) , (12,60)][(0,64) , (32,69)]
ratio=2.0606060606060606 Rectangles:[(8,44) , (16,59)][(0,44) , (32,67)][(8,48) , (10,62)][(28,16) , (30,36)][(0,51) , (16,64)]
ratio=3.0 Rectangles:[(0,41) , (16,53)][(8,7) , (12,59)][(32,23) , (48,27)][(36,42) , (40,45)]
ratio=2.8085106382978724 Rectangles:[(0,52) , (32,54)][(0,41) , (32,57)][(4,45) , (6,64)][(24,35) , (32,42)][(0,39) , (32,47)][(0,30) , (32,55)][(34,45) , (36,61)]
ratio=3.0 Rectangles:[(24,66) , (32,67)][(8,30) , (16,58)][(32,15) , (34,31)]
ratio=2.8333333333333335 Rectangles:[(0,41) , (32,50)][(24,34) , (28,55)][(0,26) , (4,34)][(0,59) , (16,61)][(12,25) , (16,68)][(24,28) , (32,57)][(16,14) , (32,44)][(4,28) , (6,44)][(0,2) , (4,60)][(0,62) , (16,63)]
ratio=3.0 Rectangles:[(32,8) , (36,54)][(0,19) , (8,62)]
ratio=2.1333333333333333 Rectangles:[(0,43) , (32,67)][(8,44) , (12,53)][(20,33) , (24,61)][(16,41) , (32,49)][(0,24) , (16,47)]
ratio=3.6363636363636362 Rectangles:[(12,28) , (16,42)][(16,13) , (24,58)][(0,63) , (32,69)][(32,61) , (48,67)]
ratio=2.6666666666666665 Rectangles:[(0,42) , (4,61)]
ratio=3.25 Rectangles:[(0,67) , (16,68)][(16,5) , (24,48)][(8,45) , (10,62)]
ratio=3.6129032258064515 Rectangles:[(0,4) , (16,49)][(0,62) , (16,65)][(16,44) , (24,53)][(8,29) , (12,59)][(0,54) , (32,64)][(0,55) , (16,58)][(0,67) , (32,68)][(0,36) , (2,53)][(12,43) , (14,56)][(32,11) , (40,32)]
ratio=2.56 Rectangles:[(32,66) , (64,68)][(0,67) , (32,68)][(38,61) , (40,66)][(4,67) , (8,69)][(0,57) , (32,68)][(0,32) , (32,54)][(24,28) , (32,55)][(16,66) , (32,69)][(32,14) , (36,69)][(0,13) , (16,67)][(0,45) , (8,48)][(16,19) , (18,55)]
ratio=2.064516129032258 Rectangles:[(32,59) , (36,62)][(0,33) , (32,64)][(12,9) , (16,27)][(0,25) , (32,44)][(0,37) , (32,53)][(0,6) , (8,64)][(16,42) , (32,59)][(8,30) , (16,53)][(32,63) , (36,67)][(0,35) , (32,45)][(16,47) , (32,68)][(24,6) , (28,30)]
ratio=2.857142857142857 Rectangles:[(32,36) , (40,37)][(16,63) , (24,68)][(4,12) , (8,15)][(2,68) , (4,69)][(24,28) , (32,62)][(32,28) , (36,59)]
ratio=3.2 Rectangles:[(0,44) , (32,67)][(0,21) , (4,66)][(16,23) , (24,30)]
ratio=3.4716981132075473 Rectangles:[(0,3) , (16,30)][(36,40) , (40,45)][(36,41) , (40,56)][(28,0) , (32,15)][(8,45) , (12,53)][(0,29) , (16,35)][(0,3) , (32,17)][(16,37) , (20,68)][(24,18) , (32,57)][(0,36) , (16,61)][(4,34) , (6,55)][(32,16) , (48,57)]
ratio=3.3191489361702127 Rectangles:[(0,67) , (32,68)][(32,11) , (40,55)][(10,32) , (12,63)][(6,43) , (8,61)][(10,51) , (12,60)][(10,18) , (12,44)][(0,31) , (16,50)][(16,53) , (20,58)][(0,19) , (32,61)]
ratio=2.787878787878788 Rectangles:[(4,61) , (8,68)][(16,38) , (24,61)][(16,43) , (24,58)][(0,12) , (32,68)][(4,57) , (8,58)][(18,27) , (20,28)][(0,66) , (32,69)]
ratio=3.1746031746031744 Rectangles:[(32,16) , (64,36)][(0,57) , (32,59)][(0,51) , (8,67)][(0,20) , (16,38)][(24,6) , (28,13)][(36,24) , (40,51)][(0,0) , (32,30)][(0,38) , (16,61)]
ratio=2.5945945945945947 Rectangles:[(16,40) , (32,61)][(16,33) , (32,53)][(0,44) , (32,66)][(16,49) , (32,55)][(16,46) , (24,56)][(16,4) , (32,41)][(0,16) , (32,54)][(8,39) , (16,52)]
ratio=3.310344827586207 Rectangles:[(4,34) , (6,67)][(32,34) , (64,40)][(4,27) , (8,42)][(36,63) , (40,69)][(16,60) , (24,68)]
ratio=3.238095238095238 Rectangles:[(0,67) , (16,69)][(0,37) , (16,44)][(4,25) , (8,38)][(16,21) , (18,38)]
ratio=3.2 Rectangles:[(0,22) , (8,65)]
ratio=3.4782608695652173 Rectangles:[(28,43) , (32,45)][(0,55) , (4,59)][(0,35) , (32,46)][(24,62) , (28,67)]
ratio=3.5555555555555554 Rectangles:[(32,59) , (48,67)][(0,42) , (16,62)]
ratio=3.125 Rectangles:[(22,36) , (24,48)][(16,23) , (24,69)][(0,21) , (32,32)][(28,13) , (32,61)][(0,34) , (16,42)]
ratio=3.2888888888888888 Rectangles:[(16,60) , (32,66)][(0,36) , (4,42)][(24,34) , (32,60)][(6,38) , (8,48)][(0,30) , (8,45)][(32,9) , (40,33)][(2,60) , (4,63)][(0,23) , (32,29)][(32,66) , (40,68)]
ratio=2.5555555555555554 Rectangles:[(16,56) , (20,66)][(0,21) , (32,48)][(8,61) , (10,63)][(0,44) , (32,48)][(0,2) , (8,38)]
ratio=2.8771929824561404 Rectangles:[(8,29) , (16,68)][(28,55) , (32,60)][(0,48) , (32,51)][(0,57) , (32,63)][(32,3) , (48,65)][(16,44) , (32,56)][(36,42) , (40,58)][(32,57) , (40,58)][(38,67) , (40,69)]
ratio=3.68 Rectangles:[(12,2) , (16,25)][(12,17) , (16,25)][(16,50) , (18,60)][(8,17) , (10,57)][(0,63) , (32,65)][(0,39) , (32,44)][(32,25) , (34,67)][(10,19) , (12,30)][(8,22) , (16,41)][(0,8) , (16,28)][(8,58) , (16,60)][(12,40) , (14,58)]
ratio=3.2195121951219514 Rectangles:[(32,31) , (40,68)][(26,32) , (28,43)][(14,68) , (16,69)][(8,52) , (16,66)][(16,24) , (24,45)][(0,64) , (16,68)][(16,30) , (32,62)][(0,18) , (32,50)][(16,34) , (32,63)][(4,1) , (8,27)][(12,20) , (16,25)]
ratio=1.4782608695652173 Rectangles:[(8,56) , (10,63)][(8,35) , (12,54)][(16,26) , (32,38)][(0,8) , (32,69)][(0,31) , (2,52)][(0,38) , (32,48)]
ratio=3.3684210526315788 Rectangles:[(32,61) , (40,66)][(0,26) , (16,63)][(16,15) , (24,23)]
ratio=2.2222222222222223 Rectangles:[(12,27) , (16,41)][(0,35) , (2,47)][(24,59) , (32,66)][(12,18) , (16,34)][(0,34) , (16,65)][(4,39) , (6,64)][(24,64) , (32,66)][(20,40) , (22,53)]
ratio=2.5945945945945947 Rectangles:[(34,38) , (36,56)][(16,67) , (18,69)][(12,57) , (14,58)][(16,48) , (24,67)][(0,25) , (16,41)][(0,16) , (4,45)][(24,11) , (32,55)][(0,20) , (8,46)][(6,12) , (8,45)][(24,23) , (28,62)][(0,20) , (32,43)][(24,22) , (32,38)][(28,60) , (32,65)]
ratio=2.962962962962963 Rectangles:[(0,40) , (16,59)][(36,58) , (40,68)][(0,29) , (32,46)][(32,41) , (40,68)][(26,21) , (28,66)]
ratio=1.9759036144578312 Rectangles:[(0,5) , (32,56)][(34,16) , (36,38)][(8,36) , (12,53)][(32,12) , (40,13)][(28,38) , (32,49)][(8,40) , (16,41)][(0,51) , (32,64)][(0,61) , (32,68)][(16,31) , (32,63)][(0,18) , (32,39)][(16,8) , (20,49)][(0,35) , (32,38)]
ratio=2.5098039215686274 Rectangles:[(0,60) , (2,61)][(32,31) , (40,60)][(16,16) , (24,50)][(16,67) , (24,68)][(12,54) , (16,64)][(2,17) , (4,68)][(0,66) , (8,68)][(8,31) , (16,35)][(16,47) , (24,61)][(32,57) , (36,65)][(24,60) , (32,62)][(0,59) , (16,64)][(8,12) , (16,40)]
ratio=3.6 Rectangles:[(12,65) , (16,68)][(0,5) , (32,47)][(28,58) , (32,59)][(0,11) , (32,12)][(0,13) , (32,16)]
ratio=2.6666666666666665 Rectangles:[(16,0) , (24,13)][(32,21) , (36,29)][(0,62) , (8,64)][(0,24) , (8,25)][(0,10) , (8,64)][(0,46) , (16,55)][(0,43) , (16,62)][(8,28) , (10,58)][(0,38) , (8,63)][(8,41) , (16,52)][(24,0) , (32,10)]
ratio=3.764705882352941 Rectangles:[(0,60) , (32,66)]
ratio=3.0588235294117645 Rectangles:[(16,38) , (32,55)][(16,51) , (24,56)][(16,30) , (24,43)][(6,32) , (8,52)]
ratio=3.096774193548387 Rectangles:[(16,2) , (24,7)][(0,11) , (8,15)][(16,0) , (24,9)][(0,17) , (32,25)]
ratio=2.769230769230769 Rectangles:[(12,61) , (16,68)][(4,48) , (8,60)][(16,11) , (32,52)][(28,29) , (30,54)][(0,64) , (16,67)][(24,42) , (26,63)][(16,11) , (32,23)][(0,0) , (32,9)]
ratio=2.4 Rectangles:[(8,52) , (16,67)][(18,16) , (20,17)][(38,16) , (40,38)][(0,9) , (32,39)][(20,57) , (22,58)][(0,39) , (32,49)][(0,0) , (16,48)][(8,53) , (12,63)][(0,57) , (32,63)][(0,7) , (16,26)][(0,26) , (8,33)][(0,2) , (16,59)]
ratio=2.5714285714285716 Rectangles:[(32,25) , (36,39)][(24,36) , (26,67)][(22,58) , (24,66)][(0,68) , (8,69)][(20,9) , (24,66)]
ratio=2.6666666666666665 Rectangles:[(4,48) , (8,56)]
ratio=2.0 Rectangles:[(30,24) , (32,50)]
ratio=2.7586206896551726 Rectangles:[(0,0) , (2,11)][(34,23) , (36,41)][(8,1) , (12,69)][(16,17) , (20,46)][(30,5) , (32,20)][(0,42) , (32,57)][(22,21) , (24,23)][(30,13) , (32,21)]
ratio=2.6666666666666665 Rectangles:[(0,64) , (16,67)][(12,3) , (16,55)][(0,59) , (32,62)][(0,45) , (16,67)][(16,44) , (32,62)][(28,11) , (32,40)][(8,50) , (10,59)][(16,54) , (32,58)][(0,20) , (16,66)][(28,0) , (32,32)][(16,42) , (24,56)]
ratio=3.2 Rectangles:[(8,41) , (16,61)]
ratio=2.7733333333333334 Rectangles:[(0,9) , (32,55)][(24,33) , (32,40)][(0,24) , (32,31)][(0,44) , (32,46)][(32,2) , (40,13)][(16,15) , (24,26)][(16,10) , (32,26)][(0,45) , (32,52)][(0,39) , (32,44)]
ratio=3.625 Rectangles:[(16,11) , (32,56)][(0,43) , (2,50)][(32,36) , (64,38)][(0,0) , (16,67)][(36,27) , (38,45)][(32,65) , (64,66)][(8,27) , (16,33)][(32,50) , (48,56)][(2,45) , (4,68)][(16,33) , (24,35)]
ratio=3.3684210526315788 Rectangles:[(8,0) , (16,53)][(12,48) , (16,68)][(0,14) , (8,54)][(4,14) , (8,36)][(2,4) , (4,32)][(0,56) , (16,61)][(0,64) , (32,65)][(4,49) , (6,63)]
ratio=3.2 Rectangles:[(24,21) , (32,56)]
ratio=3.3333333333333335 Rectangles:[(20,17) , (24,28)][(0,54) , (16,60)]
ratio=2.782608695652174 Rectangles:[(32,59) , (48,66)][(0,35) , (16,37)][(32,66) , (40,69)]
ratio=3.0303030303030303 Rectangles:[(8,20) , (16,47)][(0,51) , (32,54)][(0,15) , (32,49)][(8,33) , (16,53)][(24,59) , (28,65)][(12,3) , (16,42)][(20,67) , (24,69)][(16,3) , (32,48)][(20,23) , (24,65)][(0,63) , (32,69)][(16,29) , (32,30)][(0,43) , (8,66)][(28,39) , (30,55)]
ratio=2.5806451612903225 Rectangles:[(30,29) , (32,66)][(32,48) , (48,56)][(8,21) , (16,55)][(0,63) , (16,64)][(36,45) , (38,52)][(0,45) , (16,64)][(24,53) , (32,54)][(0,43) , (32,45)][(0,18) , (32,46)][(0,25) , (8,52)][(16,50) , (32,67)]
ratio=3.5555555555555554 Rectangles:[(16,40) , (32,58)]
ratio=1.7435897435897436 Rectangles:[(0,27) , (16,38)][(0,26) , (8,34)][(8,15) , (16,54)][(24,29) , (32,55)][(0,17) , (32,41)][(20,3) , (22,27)]
ratio=3.5555555555555554 Rectangles:[(24,4) , (32,63)][(32,33) , (40,63)][(0,48) , (32,50)][(16,23) , (24,31)]
ratio=3.764705882352941 Rectangles:[(0,26) , (32,46)]
ratio=3.0344827586206895 Rectangles:[(16,7) , (32,11)][(14,14) , (16,61)][(0,22) , (16,48)][(32,11) , (40,36)][(24,5) , (28,39)][(16,16) , (20,62)][(0,40) , (8,63)][(0,31) , (32,35)][(28,19) , (32,65)][(0,52) , (32,60)][(24,14) , (26,66)]
ratio=3.238095238095238 Rectangles:[(32,53) , (36,65)][(36,53) , (40,68)][(34,39) , (36,43)][(8,23) , (16,69)][(0,2) , (32,58)][(16,10) , (20,30)][(32,9) , (64,61)][(6,38) , (8,50)][(32,31) , (36,69)]
ratio=2.909090909090909 Rectangles:[(20,0) , (24,12)][(4,2) , (8,52)][(32,28) , (40,67)]
ratio=3.169811320754717 Rectangles:[(32,33) , (40,41)][(12,15) , (16,26)][(28,34) , (32,62)][(16,66) , (32,69)][(0,67) , (16,68)][(24,32) , (28,49)][(16,62) , (32,66)][(26,41) , (28,52)][(30,9) , (32,34)][(20,13) , (24,69)][(4,20) , (6,46)][(0,50) , (32,51)][(20,62) , (22,69)]
ratio=3.148936170212766 Rectangles:[(16,45) , (20,64)][(32,24) , (48,46)][(12,58) , (14,66)][(8,7) , (16,38)][(0,29) , (32,51)][(38,58) , (40,60)][(10,35) , (12,69)][(34,30) , (36,47)][(32,66) , (48,67)][(6,58) , (8,69)][(0,33) , (32,44)]
ratio=3.0588235294117645 Rectangles:[(32,28) , (48,38)][(22,59) , (24,60)][(36,62) , (38,64)][(24,31) , (32,50)][(24,4) , (32,31)][(34,67) , (36,69)][(32,3) , (34,51)][(24,44) , (26,50)][(0,37) , (32,52)][(0,35) , (16,67)][(32,21) , (48,51)][(16,62) , (32,67)]
ratio=3.466666666666667 Rectangles:[(16,42) , (32,52)][(30,40) , (32,42)][(22,44) , (24,47)][(32,4) , (64,14)][(28,35) , (30,53)][(14,33) , (16,69)]
ratio=3.176470588235294 Rectangles:[(8,0) , (10,60)][(12,32) , (16,42)][(28,42) , (32,55)][(32,25) , (48,62)][(0,29) , (32,43)][(8,35) , (10,69)][(28,57) , (32,58)][(32,11) , (34,19)]
ratio=3.625 Rectangles:[(20,68) , (24,69)][(32,27) , (64,60)][(36,48) , (40,63)][(0,67) , (8,69)][(32,19) , (36,25)][(4,37) , (8,63)][(16,46) , (32,63)][(0,22) , (32,35)][(0,61) , (32,62)][(26,52) , (28,62)][(0,12) , (4,19)][(0,52) , (4,68)][(0,13) , (4,35)]
ratio=3.764705882352941 Rectangles:[(0,1) , (32,14)]
ratio=2.65 Rectangles:[(4,2) , (6,31)][(4,40) , (8,47)][(8,15) , (12,55)][(0,28) , (32,49)][(0,57) , (32,63)][(0,59) , (4,61)][(0,31) , (8,54)][(0,62) , (32,66)][(0,12) , (32,28)][(32,18) , (34,59)][(0,58) , (32,61)][(24,65) , (28,67)]
ratio=3.8333333333333335 Rectangles:[(28,56) , (32,63)][(0,48) , (32,66)][(16,20) , (32,62)][(32,33) , (64,46)][(32,60) , (40,64)][(20,20) , (24,50)][(16,19) , (32,42)][(24,23) , (32,46)][(0,32) , (8,51)]
ratio=3.764705882352941 Rectangles:[(0,40) , (32,53)]
ratio=3.1578947368421053 Rectangles:[(12,46) , (14,59)][(24,60) , (32,66)][(16,67) , (32,68)][(8,35) , (12,36)]
ratio=3.1186440677966103 Rectangles:[(30,67) , (32,68)][(16,61) , (24,63)][(28,14) , (32,31)][(32,52) , (36,61)][(32,23) , (64,62)][(32,52) , (48,64)][(0,12) , (32,42)][(32,2) , (36,10)][(32,18) , (34,68)][(16,64) , (32,69)]
ratio=2.962962962962963 Rectangles:[(32,54) , (40,60)][(32,3) , (40,39)][(30,39) , (32,58)][(20,56) , (24,57)][(20,59) , (24,66)][(0,60) , (16,65)][(0,54) , (32,63)][(16,63) , (24,65)][(8,50) , (10,57)][(4,63) , (6,66)][(0,52) , (32,62)][(16,32) , (32,42)]
ratio=3.272727272727273 Rectangles:[(16,62) , (32,63)][(8,27) , (10,60)]
ratio=3.3846153846153846 Rectangles:[(28,33) , (30,38)][(28,19) , (32,33)][(0,45) , (8,51)][(16,18) , (20,22)][(4,60) , (8,63)][(0,11) , (16,28)][(24,28) , (32,60)][(32,56) , (64,69)][(0,29) , (16,62)][(4,45) , (8,69)][(24,1) , (28,48)][(16,61) , (24,68)]
ratio=2.4285714285714284 Rectangles:[(24,11) , (32,20)][(16,11) , (32,13)][(2,55) , (4,69)][(16,30) , (32,48)][(20,13) , (24,45)][(16,32) , (32,63)]
ratio=2.823529411764706 Rectangles:[(0,47) , (8,63)][(2,56) , (4,66)][(32,31) , (64,40)][(0,63) , (4,66)][(8,6) , (10,37)][(8,9) , (16,21)][(32,39) , (64,46)][(24,59) , (32,64)][(0,37) , (16,54)][(0,38) , (16,61)][(0,39) , (16,41)]
ratio=3.142857142857143 Rectangles:[(20,27) , (24,28)][(16,29) , (32,45)][(34,21) , (36,48)][(16,36) , (18,53)][(8,11) , (16,61)][(36,22) , (38,31)][(0,59) , (32,69)][(20,40) , (24,54)][(18,9) , (20,45)][(8,47) , (16,68)][(4,41) , (6,44)][(0,66) , (8,68)]
ratio=3.6721311475409837 Rectangles:[(6,24) , (8,65)][(0,5) , (16,26)][(0,13) , (8,33)][(8,31) , (16,53)][(32,41) , (64,63)][(16,25) , (32,63)][(32,57) , (64,64)][(0,63) , (32,67)][(0,52) , (32,55)][(0,12) , (16,41)][(32,10) , (40,66)][(8,1) , (12,63)]
ratio=3.4594594594594597 Rectangles:[(8,51) , (12,67)][(16,17) , (24,53)][(12,66) , (16,68)][(6,1) , (8,37)][(0,64) , (8,65)][(16,28) , (32,39)][(32,19) , (48,36)][(0,29) , (32,61)]
ratio=3.3684210526315788 Rectangles:[(28,0) , (32,1)][(0,35) , (32,45)][(0,13) , (16,37)][(0,1) , (16,56)][(0,42) , (8,55)][(0,57) , (32,65)][(0,42) , (4,67)][(0,68) , (16,69)][(12,19) , (16,22)]
ratio=2.6666666666666665 Rectangles:[(36,46) , (38,66)][(0,39) , (16,46)][(16,14) , (32,32)][(12,52) , (14,58)][(12,3) , (16,59)][(0,40) , (32,54)]
ratio=3.2 Rectangles:[(16,48) , (24,66)]
ratio=2.56 Rectangles:[(14,1) , (16,67)][(32,56) , (48,68)][(24,10) , (26,43)][(24,38) , (32,39)][(8,15) , (16,52)][(32,16) , (48,69)]
ratio=2.526315789473684 Rectangles:[(0,37) , (8,41)][(16,1) , (32,52)][(0,24) , (32,59)][(28,17) , (32,51)][(0,11) , (32,40)][(8,0) , (16,24)][(16,46) , (32,53)][(24,37) , (32,55)][(36,44) , (40,56)][(0,67) , (32,68)][(20,15) , (24,24)][(32,46) , (40,58)]
ratio=3.6 Rectangles:[(20,8) , (24,13)][(32,27) , (64,51)]
ratio=2.896551724137931 Rectangles:[(0,6) , (16,69)][(0,47) , (32,64)][(24,63) , (32,67)][(10,19) , (12,39)][(16,65) , (24,67)]
ratio=2.1176470588235294 Rectangles:[(0,19) , (32,60)][(8,68) , (12,69)][(0,25) , (32,37)]
ratio=3.36 Rectangles:[(0,0) , (32,68)][(8,14) , (16,49)][(0,53) , (4,61)][(38,68) , (40,69)][(16,66) , (20,69)][(16,22) , (20,47)]
ratio=3.2 Rectangles:[(32,58) , (48,65)][(16,46) , (32,62)][(16,2) , (24,46)]
ratio=3.076923076923077 Rectangles:[(24,22) , (32,52)][(36,66) , (40,69)][(20,9) , (24,24)][(32,35) , (36,37)][(24,47) , (28,48)][(32,47) , (48,51)][(32,64) , (40,65)][(32,41) , (64,47)]
ratio=2.6666666666666665 Rectangles:[(12,34) , (16,37)][(0,61) , (16,67)][(0,6) , (16,59)][(0,15) , (32,45)][(24,59) , (32,66)]
ratio=2.792452830188679 Rectangles:[(0,22) , (32,61)][(2,9) , (4,42)][(24,11) , (26,20)][(0,62) , (16,67)][(36,17) , (38,58)][(6,2) , (8,18)][(4,18) , (8,53)][(36,64) , (40,69)][(0,48) , (16,63)][(34,47) , (36,67)][(4,64) , (8,67)][(32,34) , (48,52)][(0,23) , (16,58)]
ratio=3.272727272727273 Rectangles:[(16,34) , (32,51)][(6,2) , (8,35)]
ratio=2.4166666666666665 Rectangles:[(8,28) , (16,37)][(28,21) , (32,41)][(16,14) , (24,55)][(0,48) , (16,57)][(0,23) , (8,54)][(26,13) , (28,48)][(20,58) , (24,64)][(16,54) , (18,59)][(28,20) , (30,47)][(0,8) , (32,62)][(32,31) , (40,38)][(32,16) , (40,44)]
ratio=3.6296296296296298 Rectangles:[(8,43) , (16,48)][(26,57) , (28,61)][(0,65) , (32,69)][(0,23) , (16,46)][(32,36) , (64,42)][(0,21) , (32,51)]
ratio=2.0 Rectangles:[(34,64) , (36,65)]
ratio=2.7450980392156863 Rectangles:[(36,61) , (38,68)][(32,36) , (64,45)][(0,31) , (16,62)][(8,43) , (16,65)][(24,51) , (28,69)][(0,43) , (16,58)][(16,61) , (18,67)][(16,65) , (20,66)][(0,57) , (16,63)][(0,23) , (16,59)][(8,26) , (16,56)][(28,0) , (30,68)][(38,61) , (40,69)]
ratio=3.0 Rectangles:[(0,54) , (16,63)][(0,41) , (32,52)][(34,24) , (36,54)][(0,64) , (32,68)][(24,43) , (26,44)][(0,14) , (8,29)][(24,63) , (28,64)][(8,17) , (12,59)][(16,45) , (32,66)][(0,36) , (32,68)]
ratio=3.2 Rectangles:[(0,41) , (8,55)]
ratio=2.604651162790698 Rectangles:[(0,63) , (16,66)][(12,38) , (14,59)][(12,23) , (16,28)][(0,42) , (16,59)][(16,22) , (20,43)][(0,16) , (16,58)][(0,13) , (16,39)][(0,19) , (16,31)][(28,30) , (32,58)]
ratio=3.2 Rectangles:[(0,2) , (8,24)]
ratio=3.2 Rectangles:[(0,16) , (8,32)][(32,53) , (40,60)]
ratio=2.9285714285714284 Rectangles:[(32,6) , (48,37)][(0,63) , (16,66)][(0,19) , (4,52)][(0,5) , (8,14)][(30,21) , (32,60)][(24,54) , (26,56)][(2,32) , (4,49)][(0,15) , (16,24)][(32,66) , (36,69)][(0,57) , (8,65)][(16,64) , (24,65)][(8,21) , (16,54)][(8,31) , (16,62)]
ratio=2.0 Rectangles:[(28,57) , (30,64)]
ratio=2.13953488372093 Rectangles:[(32,10) , (40,29)][(0,37) , (8,51)][(20,19) , (24,35)][(16,50) , (24,63)][(0,41) , (16,69)][(8,31) , (16,60)][(8,39) , (10,45)][(0,22) , (32,50)][(16,44) , (32,55)][(0,49) , (2,66)]
ratio=2.618181818181818 Rectangles:[(0,3) , (16,9)][(8,55) , (16,63)][(32,45) , (34,64)][(0,44) , (2,69)][(14,0) , (16,59)][(16,53) , (32,58)][(12,0) , (16,7)][(28,53) , (32,61)][(0,8) , (32,28)][(0,37) , (8,52)][(12,38) , (14,44)][(26,0) , (28,63)]
ratio=2.711864406779661 Rectangles:[(24,14) , (32,57)][(16,17) , (32,31)][(0,31) , (16,59)][(0,13) , (32,31)][(4,40) , (8,50)][(20,6) , (24,58)][(0,29) , (32,65)][(16,19) , (32,54)][(0,48) , (32,56)][(32,56) , (48,57)]
ratio=3.391304347826087 Rectangles:[(32,67) , (40,69)][(28,27) , (32,64)][(4,43) , (8,62)][(0,61) , (32,65)][(6,60) , (8,66)][(20,44) , (24,47)][(16,33) , (18,57)][(24,29) , (32,39)][(16,14) , (20,47)][(32,33) , (48,61)][(14,38) , (16,45)][(4,45) , (8,51)]
ratio=3.0 Rectangles:[(0,13) , (8,64)][(0,47) , (32,62)][(6,67) , (8,69)][(0,65) , (32,69)][(24,62) , (26,63)][(20,37) , (22,44)][(0,21) , (32,54)][(0,8) , (32,57)][(16,64) , (32,69)][(18,23) , (20,43)][(16,43) , (32,68)][(32,62) , (40,66)]
ratio=3.764705882352941 Rectangles:[(0,18) , (32,44)]
ratio=2.380952380952381 Rectangles:[(0,27) , (8,52)][(16,52) , (24,60)][(32,44) , (36,47)][(16,15) , (32,58)][(18,53) , (20,65)][(2,42) , (4,45)][(24,65) , (32,66)][(0,4) , (16,31)][(8,61) , (12,69)][(0,20) , (8,52)]
ratio=2.75 Rectangles:[(0,10) , (16,69)][(32,5) , (40,24)][(16,28) , (32,38)][(24,60) , (32,68)][(36,39) , (38,60)][(8,50) , (16,58)][(0,42) , (8,65)][(2,33) , (4,68)][(16,40) , (20,68)][(0,61) , (32,63)]
ratio=3.5 Rectangles:[(0,46) , (32,68)][(24,11) , (26,12)][(32,7) , (40,13)]
ratio=3.764705882352941 Rectangles:[(0,37) , (32,46)]
ratio=3.4285714285714284 Rectangles:[(0,32) , (16,39)][(32,41) , (36,55)][(0,37) , (2,51)][(0,49) , (32,54)][(8,49) , (16,60)][(4,67) , (8,68)][(32,43) , (48,67)][(0,0) , (16,26)]
ratio=2.526315789473684 Rectangles:[(0,30) , (32,56)][(24,41) , (32,48)][(16,46) , (18,59)][(24,19) , (32,64)][(32,16) , (64,50)][(0,22) , (32,44)][(16,25) , (32,69)][(28,6) , (32,24)][(32,10) , (40,61)][(16,54) , (20,69)]
ratio=2.782608695652174 Rectangles:[(0,22) , (8,54)][(30,56) , (32,67)][(16,31) , (32,60)][(0,35) , (16,56)]
ratio=3.6097560975609757 Rectangles:[(22,68) , (24,69)][(32,33) , (40,69)][(0,47) , (32,63)][(0,6) , (4,69)][(8,55) , (16,59)][(32,1) , (64,19)]
ratio=2.4186046511627906 Rectangles:[(16,18) , (32,62)][(8,57) , (10,59)][(16,36) , (24,63)][(0,37) , (32,65)][(38,50) , (40,62)][(0,14) , (16,65)][(16,67) , (32,69)][(16,32) , (24,59)][(20,3) , (24,41)]
ratio=2.2222222222222223 Rectangles:[(0,55) , (16,65)][(0,54) , (32,64)][(16,60) , (24,63)][(0,31) , (8,36)][(20,54) , (22,62)]
ratio=3.076923076923077 Rectangles:[(32,11) , (64,35)][(32,25) , (40,39)][(8,66) , (16,69)]
ratio=3.5555555555555554 Rectangles:[(16,52) , (32,65)]
ratio=3.25 Rectangles:[(0,66) , (16,69)][(24,28) , (32,63)][(16,21) , (18,49)]
ratio=3.393939393939394 Rectangles:[(32,55) , (64,60)][(0,63) , (32,64)][(0,13) , (32,26)][(24,26) , (28,58)][(8,39) , (12,54)][(8,68) , (16,69)][(22,38) , (24,40)][(38,20) , (40,36)][(16,12) , (24,64)][(28,3) , (30,41)]
ratio=2.2857142857142856 Rectangles:[(4,48) , (8,58)][(26,36) , (28,66)][(14,45) , (16,59)]
ratio=2.983050847457627 Rectangles:[(32,33) , (48,46)][(0,20) , (16,37)][(8,30) , (16,49)][(0,62) , (32,68)][(22,30) , (24,38)][(24,15) , (28,40)][(16,58) , (32,64)][(32,17) , (40,41)][(36,29) , (40,54)][(16,21) , (24,47)][(8,48) , (16,62)][(8,5) , (16,7)][(32,13) , (36,25)]
ratio=3.764705882352941 Rectangles:[(0,41) , (32,57)]
ratio=3.5652173913043477 Rectangles:[(16,30) , (32,53)][(8,36) , (16,47)][(30,41) , (32,52)][(12,35) , (14,37)][(8,6) , (12,9)][(8,41) , (16,61)][(32,52) , (64,61)][(36,3) , (40,22)][(12,46) , (16,58)][(32,29) , (40,60)][(0,62) , (16,68)]
ratio=2.857142857142857 Rectangles:[(12,10) , (14,12)][(24,31) , (28,40)][(16,40) , (24,61)][(20,35) , (24,52)][(16,47) , (24,50)][(32,19) , (48,69)]
ratio=2.9019607843137254 Rectangles:[(0,11) , (16,22)][(12,19) , (14,55)][(16,41) , (18,57)][(32,10) , (34,67)][(22,32) , (24,67)][(28,55) , (32,65)][(20,7) , (22,23)][(16,49) , (32,59)][(0,29) , (8,60)][(32,28) , (64,64)][(32,17) , (64,31)][(32,11) , (36,35)][(18,42) , (20,64)]
ratio=2.926829268292683 Rectangles:[(0,29) , (2,46)][(8,6) , (16,37)][(18,5) , (20,57)][(0,21) , (32,65)][(0,44) , (16,48)][(6,10) , (8,62)][(20,60) , (24,62)][(24,36) , (32,47)][(32,23) , (48,29)]
ratio=3.5555555555555554 Rectangles:[(0,1) , (16,28)][(0,28) , (32,56)]
ratio=3.5555555555555554 Rectangles:[(32,5) , (36,16)][(36,27) , (40,61)][(38,24) , (40,48)][(4,39) , (8,67)][(0,18) , (32,38)][(8,16) , (16,47)][(0,49) , (32,62)][(32,64) , (64,66)][(30,17) , (32,29)][(0,63) , (32,67)][(16,14) , (24,17)][(32,5) , (36,69)]
ratio=2.604651162790698 Rectangles:[(0,43) , (8,58)][(36,58) , (40,63)][(24,29) , (32,36)][(32,38) , (40,64)][(20,51) , (24,64)][(32,42) , (40,62)][(0,55) , (16,63)][(0,21) , (16,58)][(8,11) , (12,12)][(4,61) , (8,69)][(24,29) , (32,66)][(0,42) , (16,43)]
ratio=2.8 Rectangles:[(0,34) , (16,57)][(24,37) , (32,47)][(20,32) , (24,36)][(30,25) , (32,48)][(22,8) , (24,55)]
ratio=2.3859649122807016 Rectangles:[(8,20) , (10,25)][(8,46) , (16,68)][(16,37) , (32,62)][(4,54) , (8,66)][(24,2) , (28,63)][(18,21) , (20,60)][(0,62) , (16,63)][(0,32) , (32,62)][(16,1) , (32,65)][(0,52) , (32,68)][(32,68) , (64,69)]
ratio=3.5555555555555554 Rectangles:[(0,32) , (16,43)]
